           ******************************************************************************
               Calculation of FEDVR Points, Weights, Polynomials and Matrix Elements
           ******************************************************************************
 ** Number of Data Sets ** =            2
                      ** Processing Data Set ** =            1

               coordinate system             = spherical       
               physical dimensions           =  1
               units                         = atomic_units    
               mass                          =         1.00000000
               weighting function            = legendre        
               reference weight              = none            
               compute nabla                 = T
               compute Hamiltonian           = T
               diagonalize Hamiltonian       = T
               solve poisson equation        = T
               is this an atomic calculation = F
               type calculation              = all_integrals   

                         Coordinate System = spherical                       

                         Coordinate =                                r
 Opening Data File = spherical_r
 File Name = spherical_r
 File Location = /home/bschneid/mesa_working/FEDVR_Driver/spherical_r
 
 
                    Automated Selection of Steps   

 block =   1
               quadrature order              =    5
               number of subregions          =    1
               left hand boundary            =  0.00000000E+00
               right hand boundary           =  0.25000000E+00

 block =   2
               quadrature order              =    5
               number of subregions          =    1
               left hand boundary            =  0.25000000E+00
               right hand boundary           =  0.50000000E+00

 block =   3
               quadrature order              =    5
               number of subregions          =    1
               left hand boundary            =  0.50000000E+00
               right hand boundary           =  0.75000000E+00

 block =   4
               quadrature order              =    5
               number of subregions          =    1
               left hand boundary            =  0.75000000E+00
               right hand boundary           =  0.10000000E+01

               type weight              = legendre            
               reference weight         = none                
               number of global points  =    21
               number of physcal points =    20
               number of fixed points   = 1
               left point fixed         = F
               right point fixed        = T
               left point dropped       = F
               right point dropped      = T
               maximum l value          =    1
 spherical_r             

                    Potential Data
  Region =   1  Potential = none                    

          Region =    1

                    Computing DVR Points and Weights

 Standard Weight Function = legendre            
final nodes                                                                     
 col          1
     0.99524643E-02
     0.49503354E-01
     0.10949370E+00
     0.17386607E+00
     0.22536623E+00
     0.25000000E+00
final weights                                                                   
 col          1
     0.25198548E-01
     0.52112667E-01
     0.65115848E-01
     0.60673399E-01
     0.39955094E-01
     0.69444444E-02

points                                                                          

 col          1
      0.995246426287E-02
      0.495033544684E-01
      0.109493702562E+00
      0.173866068338E+00
      0.225366228550E+00
      0.250000000000E+00

weights                                                                         

 col          1
      0.251985481567E-01
      0.521126667890E-01
      0.651158478987E-01
      0.606733985586E-01
      0.399550941526E-01
      0.694444444444E-02

unnormalized polynomials                                                        

 col          1                   2                   3                   4                   5
      0.100000000000E+01  0.000000000000E+00  0.000000000000E+00  0.000000000000E+00  0.000000000000E+00
      0.000000000000E+00  0.100000000000E+01  0.000000000000E+00  0.000000000000E+00  0.000000000000E+00
      0.000000000000E+00  0.000000000000E+00  0.100000000000E+01  0.000000000000E+00  0.000000000000E+00
      0.000000000000E+00  0.000000000000E+00  0.000000000000E+00  0.100000000000E+01  0.000000000000E+00
      0.000000000000E+00  0.000000000000E+00  0.000000000000E+00  0.000000000000E+00  0.100000000000E+01
      0.000000000000E+00  0.000000000000E+00  0.000000000000E+00  0.000000000000E+00  0.000000000000E+00
 col          6
      0.000000000000E+00
      0.000000000000E+00
      0.000000000000E+00
      0.000000000000E+00
      0.000000000000E+00
      0.100000000000E+01

first derivative of unnormalized polynomials                                    

 col          1                   2                   3                   4                   5
     -0.502388139052E+02  0.810923017053E+02 -0.535650862906E+02  0.395674903715E+02 -0.278165954723E+02
     -0.788329623390E+01 -0.101003256319E+02  0.277119811895E+02 -0.162602576783E+02  0.106234937756E+02
      0.188413541550E+01 -0.100269687307E+02 -0.456647266739E+01  0.188959698156E+02 -0.969866820418E+01
     -0.940657441713E+00  0.397641950012E+01 -0.127712049002E+02 -0.287577676759E+01  0.179397067562E+02
      0.774727773347E+00 -0.304357704076E+01  0.767939397460E+01 -0.210168439721E+02 -0.221861102800E+01
     -0.158331403933E+01  0.607985321426E+01 -0.144229259262E+02  0.323772203977E+02 -0.924508336465E+02
 col          6
      0.109607035913E+02
     -0.409159542104E+01
      0.351200437114E+01
     -0.532848714678E+01
      0.178249102929E+02
      0.700000000000E+02

second derivative of unnormalized polynomials                                   

 col          1                   2                   3                   4                   5
      0.170761593063E+04 -0.404730590211E+04  0.430585370533E+04 -0.349286286744E+04  0.253668352054E+04
      0.557888365202E+03 -0.936992554643E+03  0.364081258751E+03  0.669704830863E+02 -0.937858423484E+02
     -0.550640846308E+02  0.425861823278E+03 -0.724395947714E+03  0.414507420467E+03 -0.788249715835E+02
      0.168877202367E+02 -0.868193308013E+02  0.470245803263E+03 -0.884488890800E+03  0.593504289877E+03
     -0.106305664668E+02  0.481180978028E+02 -0.166624180653E+03  0.909441979960E+03 -0.214840520414E+04
     -0.208472294661E+03  0.790531520469E+03 -0.181391027741E+04  0.368227759959E+04 -0.543709321465E+04
 col          6
     -0.100998438696E+04
      0.418382899514E+02
      0.179157601832E+02
     -0.109329591775E+03
      0.136809987350E+04
      0.298666666667E+04

          Region =    2

                    Computing DVR Points and Weights

 Standard Weight Function = legendre            
final nodes                                                                     
 col          1
     0.25000000E+00
     0.27936808E+00
     0.33934606E+00
     0.41065394E+00
     0.47063192E+00
     0.50000000E+00
final weights                                                                   
 col          1
     0.83333333E-02
     0.47309370E-01
     0.69357297E-01
     0.69357297E-01
     0.47309370E-01
     0.83333333E-02

points                                                                          

 col          1
      0.250000000000E+00
      0.279368084509E+00
      0.339346060440E+00
      0.410653939560E+00
      0.470631915491E+00
      0.500000000000E+00

weights                                                                         

 col          1
      0.833333333333E-02
      0.473093695372E-01
      0.693572971294E-01
      0.693572971294E-01
      0.473093695372E-01
      0.833333333333E-02

unnormalized polynomials                                                        

 col          1                   2                   3                   4                   5
      0.100000000000E+01  0.000000000000E+00  0.000000000000E+00  0.000000000000E+00  0.000000000000E+00
      0.000000000000E+00  0.100000000000E+01  0.000000000000E+00  0.000000000000E+00  0.000000000000E+00
      0.000000000000E+00  0.000000000000E+00  0.100000000000E+01  0.000000000000E+00  0.000000000000E+00
      0.000000000000E+00  0.000000000000E+00  0.000000000000E+00  0.100000000000E+01  0.000000000000E+00
      0.000000000000E+00  0.000000000000E+00  0.000000000000E+00  0.000000000000E+00  0.100000000000E+01
      0.000000000000E+00  0.000000000000E+00  0.000000000000E+00  0.000000000000E+00  0.000000000000E+00
 col          6
      0.000000000000E+00
      0.000000000000E+00
      0.000000000000E+00
      0.000000000000E+00
      0.000000000000E+00
      0.100000000000E+01

first derivative of unnormalized polynomials                                    

 col          1                   2                   3                   4                   5
     -0.600000000000E+02  0.811313274906E+02 -0.322894981624E+02  0.179574771854E+02 -0.107993065135E+02
     -0.142909195867E+02  0.159872115546E-13  0.201874142194E+02 -0.922262526829E+01  0.522838005944E+01
      0.387960838283E+01 -0.137700556226E+02  0.124344978758E-13  0.140236957309E+02 -0.629085337779E+01
     -0.215760488666E+01  0.629085337779E+01 -0.140236957309E+02  0.177635683940E-14  0.137700556226E+02
      0.190224942387E+01 -0.522838005944E+01  0.922262526829E+01 -0.201874142194E+02 -0.994759830064E-13
     -0.400000000000E+01  0.107993065135E+02 -0.179574771854E+02  0.322894981624E+02 -0.811313274906E+02
 col          6
      0.400000000000E+01
     -0.190224942387E+01
      0.215760488666E+01
     -0.387960838283E+01
      0.142909195867E+02
      0.600000000000E+02

second derivative of unnormalized polynomials                                   

 col          1                   2                   3                   4                   5
      0.224000000000E+04 -0.421062350282E+04  0.315194354195E+04 -0.193134249310E+04  0.119802245396E+04
      0.973227898634E+03 -0.154332020977E+04  0.673160903016E+03 -0.140496861062E+03  0.546719160919E+02
     -0.868445315602E+02  0.459170400764E+03 -0.696679790230E+03  0.393328083908E+03 -0.958344427178E+02
      0.268602798358E+02 -0.958344427178E+02  0.393328083908E+03 -0.696679790230E+03  0.459170400764E+03
     -0.172436469097E+02  0.546719160919E+02 -0.140496861062E+03  0.673160903016E+03 -0.154332020977E+04
     -0.448000000000E+03  0.119802245396E+04 -0.193134249310E+04  0.315194354195E+04 -0.421062350282E+04
 col          6
     -0.448000000000E+03
     -0.172436469097E+02
      0.268602798358E+02
     -0.868445315602E+02
      0.973227898634E+03
      0.224000000000E+04

          Region =    3

                    Computing DVR Points and Weights

 Standard Weight Function = legendre            
final nodes                                                                     
 col          1
     0.50000000E+00
     0.52936808E+00
     0.58934606E+00
     0.66065394E+00
     0.72063192E+00
     0.75000000E+00
final weights                                                                   
 col          1
     0.83333333E-02
     0.47309370E-01
     0.69357297E-01
     0.69357297E-01
     0.47309370E-01
     0.83333333E-02

points                                                                          

 col          1
      0.500000000000E+00
      0.529368084509E+00
      0.589346060440E+00
      0.660653939560E+00
      0.720631915491E+00
      0.750000000000E+00

weights                                                                         

 col          1
      0.833333333333E-02
      0.473093695372E-01
      0.693572971294E-01
      0.693572971294E-01
      0.473093695372E-01
      0.833333333333E-02

unnormalized polynomials                                                        

 col          1                   2                   3                   4                   5
      0.100000000000E+01  0.000000000000E+00  0.000000000000E+00  0.000000000000E+00  0.000000000000E+00
      0.000000000000E+00  0.100000000000E+01  0.000000000000E+00  0.000000000000E+00  0.000000000000E+00
      0.000000000000E+00  0.000000000000E+00  0.100000000000E+01  0.000000000000E+00  0.000000000000E+00
      0.000000000000E+00  0.000000000000E+00  0.000000000000E+00  0.100000000000E+01  0.000000000000E+00
      0.000000000000E+00  0.000000000000E+00  0.000000000000E+00  0.000000000000E+00  0.100000000000E+01
      0.000000000000E+00  0.000000000000E+00  0.000000000000E+00  0.000000000000E+00  0.000000000000E+00
 col          6
      0.000000000000E+00
      0.000000000000E+00
      0.000000000000E+00
      0.000000000000E+00
      0.000000000000E+00
      0.100000000000E+01

first derivative of unnormalized polynomials                                    

 col          1                   2                   3                   4                   5
     -0.600000000000E+02  0.811313274906E+02 -0.322894981624E+02  0.179574771854E+02 -0.107993065135E+02
     -0.142909195867E+02  0.204281036531E-13  0.201874142194E+02 -0.922262526829E+01  0.522838005944E+01
      0.387960838283E+01 -0.137700556226E+02  0.266453525910E-13  0.140236957309E+02 -0.629085337779E+01
     -0.215760488666E+01  0.629085337779E+01 -0.140236957309E+02 -0.301980662698E-13  0.137700556226E+02
      0.190224942387E+01 -0.522838005944E+01  0.922262526829E+01 -0.201874142194E+02 -0.213162820728E-13
     -0.400000000000E+01  0.107993065135E+02 -0.179574771854E+02  0.322894981624E+02 -0.811313274906E+02
 col          6
      0.400000000000E+01
     -0.190224942387E+01
      0.215760488666E+01
     -0.387960838283E+01
      0.142909195867E+02
      0.600000000000E+02

second derivative of unnormalized polynomials                                   

 col          1                   2                   3                   4                   5
      0.224000000000E+04 -0.421062350282E+04  0.315194354195E+04 -0.193134249310E+04  0.119802245396E+04
      0.973227898634E+03 -0.154332020977E+04  0.673160903016E+03 -0.140496861062E+03  0.546719160919E+02
     -0.868445315602E+02  0.459170400764E+03 -0.696679790230E+03  0.393328083908E+03 -0.958344427178E+02
      0.268602798358E+02 -0.958344427178E+02  0.393328083908E+03 -0.696679790230E+03  0.459170400764E+03
     -0.172436469097E+02  0.546719160919E+02 -0.140496861062E+03  0.673160903016E+03 -0.154332020977E+04
     -0.448000000000E+03  0.119802245396E+04 -0.193134249310E+04  0.315194354195E+04 -0.421062350282E+04
 col          6
     -0.448000000000E+03
     -0.172436469097E+02
      0.268602798358E+02
     -0.868445315602E+02
      0.973227898634E+03
      0.224000000000E+04

          Region =    4

                    Computing DVR Points and Weights

 Standard Weight Function = legendre            
final nodes                                                                     
 col          1
     0.75000000E+00
     0.77936808E+00
     0.83934606E+00
     0.91065394E+00
     0.97063192E+00
     0.10000000E+01
final weights                                                                   
 col          1
     0.83333333E-02
     0.47309370E-01
     0.69357297E-01
     0.69357297E-01
     0.47309370E-01
     0.83333333E-02

points                                                                          

 col          1
      0.750000000000E+00
      0.779368084509E+00
      0.839346060440E+00
      0.910653939560E+00
      0.970631915491E+00
      0.100000000000E+01

weights                                                                         

 col          1
      0.833333333333E-02
      0.473093695372E-01
      0.693572971294E-01
      0.693572971294E-01
      0.473093695372E-01
      0.833333333333E-02

unnormalized polynomials                                                        

 col          1                   2                   3                   4                   5
      0.100000000000E+01  0.000000000000E+00  0.000000000000E+00  0.000000000000E+00  0.000000000000E+00
      0.000000000000E+00  0.100000000000E+01  0.000000000000E+00  0.000000000000E+00  0.000000000000E+00
      0.000000000000E+00  0.000000000000E+00  0.100000000000E+01  0.000000000000E+00  0.000000000000E+00
      0.000000000000E+00  0.000000000000E+00  0.000000000000E+00  0.100000000000E+01  0.000000000000E+00
      0.000000000000E+00  0.000000000000E+00  0.000000000000E+00  0.000000000000E+00  0.100000000000E+01
      0.000000000000E+00  0.000000000000E+00  0.000000000000E+00  0.000000000000E+00  0.000000000000E+00
 col          6
      0.000000000000E+00
      0.000000000000E+00
      0.000000000000E+00
      0.000000000000E+00
      0.000000000000E+00
      0.100000000000E+01

first derivative of unnormalized polynomials                                    

 col          1                   2                   3                   4                   5
     -0.600000000000E+02  0.811313274906E+02 -0.322894981624E+02  0.179574771854E+02 -0.107993065135E+02
     -0.142909195867E+02  0.204281036531E-13  0.201874142194E+02 -0.922262526829E+01  0.522838005944E+01
      0.387960838283E+01 -0.137700556226E+02  0.266453525910E-13  0.140236957309E+02 -0.629085337779E+01
     -0.215760488666E+01  0.629085337779E+01 -0.140236957309E+02 -0.301980662698E-13  0.137700556226E+02
      0.190224942387E+01 -0.522838005944E+01  0.922262526829E+01 -0.201874142194E+02 -0.213162820728E-13
     -0.400000000000E+01  0.107993065135E+02 -0.179574771854E+02  0.322894981624E+02 -0.811313274906E+02
 col          6
      0.400000000000E+01
     -0.190224942387E+01
      0.215760488666E+01
     -0.387960838283E+01
      0.142909195867E+02
      0.600000000000E+02

second derivative of unnormalized polynomials                                   

 col          1                   2                   3                   4                   5
      0.224000000000E+04 -0.421062350282E+04  0.315194354195E+04 -0.193134249310E+04  0.119802245396E+04
      0.973227898634E+03 -0.154332020977E+04  0.673160903016E+03 -0.140496861062E+03  0.546719160919E+02
     -0.868445315602E+02  0.459170400764E+03 -0.696679790230E+03  0.393328083908E+03 -0.958344427178E+02
      0.268602798358E+02 -0.958344427178E+02  0.393328083908E+03 -0.696679790230E+03  0.459170400764E+03
     -0.172436469097E+02  0.546719160919E+02 -0.140496861062E+03  0.673160903016E+03 -0.154332020977E+04
     -0.448000000000E+03  0.119802245396E+04 -0.193134249310E+04  0.315194354195E+04 -0.421062350282E+04
 col          6
     -0.448000000000E+03
     -0.172436469097E+02
      0.268602798358E+02
     -0.868445315602E+02
      0.973227898634E+03
      0.224000000000E+04

          Region =    1

normalization                                                                   

 col          1
      0.629958935469E+01
      0.438054706648E+01
      0.391883203850E+01
      0.405976447456E+01
      0.500280898080E+01
      0.809039834956E+01

          Region =    2

normalization                                                                   

 col          1
      0.809039834956E+01
      0.459754956279E+01
      0.379711648139E+01
      0.379711648139E+01
      0.459754956279E+01
      0.774596669241E+01

          Region =    3

normalization                                                                   

 col          1
      0.774596669241E+01
      0.459754956279E+01
      0.379711648139E+01
      0.379711648139E+01
      0.459754956279E+01
      0.774596669241E+01

          Region =    4

normalization                                                                   

 col          1
      0.774596669241E+01
      0.459754956279E+01
      0.379711648139E+01
      0.379711648139E+01
      0.459754956279E+01
      0.109544511501E+02

final grid points                                                               

 col          1
      0.995246426287E-02
      0.495033544684E-01
      0.109493702562E+00
      0.173866068338E+00
      0.225366228550E+00
      0.250000000000E+00
      0.279368084509E+00
      0.339346060440E+00
      0.410653939560E+00
      0.470631915491E+00
      0.500000000000E+00
      0.529368084509E+00
      0.589346060440E+00
      0.660653939560E+00
      0.720631915491E+00
      0.750000000000E+00
      0.779368084509E+00
      0.839346060440E+00
      0.910653939560E+00
      0.970631915491E+00

          Last Grid Point =  0.10000000E+01

          Region =    1

qr_factor                                                                       

 col          1
      0.990515449036E-04
      0.245058210362E-02
      0.119888709007E-01
      0.302294097195E-01
      0.507899369710E-01
      0.625000000000E-01

inverse_qr_factor                                                               

 col          1
      0.100957536904E+05
      0.408066311478E+03
      0.834106904881E+02
      0.330803680681E+02
      0.196889395742E+02
      0.160000000000E+02

inverse_sqrt_qr_factor                                                          

 col          1
      0.100477627810E+03
      0.202006512637E+02
      0.913294533478E+01
      0.575155353518E+01
      0.443722205600E+01
      0.400000000000E+01

          Region =    2

qr_factor                                                                       

 col          1
      0.625000000000E-01
      0.780465266421E-01
      0.115155748736E+00
      0.168636658076E+00
      0.221494399879E+00
      0.250000000000E+00

inverse_qr_factor                                                               

 col          1
      0.160000000000E+02
      0.128128700023E+02
      0.868389126010E+01
      0.592990878382E+01
      0.451478683229E+01
      0.400000000000E+01

inverse_sqrt_qr_factor                                                          

 col          1
      0.400000000000E+01
      0.357950694962E+01
      0.294684428840E+01
      0.243514040331E+01
      0.212480277492E+01
      0.200000000000E+01

          Region =    3

qr_factor                                                                       

 col          1
      0.250000000000E+00
      0.280230568897E+00
      0.347328778956E+00
      0.436463627856E+00
      0.519310357624E+00
      0.562500000000E+00

inverse_qr_factor                                                               

 col          1
      0.400000000000E+01
      0.356849006137E+01
      0.287911644697E+01
      0.229114165804E+01
      0.192563076264E+01
      0.177777777778E+01

inverse_sqrt_qr_factor                                                          

 col          1
      0.200000000000E+01
      0.188904474838E+01
      0.169679593557E+01
      0.151365176247E+01
      0.138767098501E+01
      0.133333333333E+01

          Region =    4

qr_factor                                                                       

 col          1
      0.562500000000E+00
      0.607414611151E+00
      0.704501809176E+00
      0.829290597636E+00
      0.942126315370E+00
      0.100000000000E+01

inverse_qr_factor                                                               

 col          1
      0.177777777778E+01
      0.164632193833E+01
      0.141944277073E+01
      0.120584991902E+01
      0.106142879536E+01
      0.100000000000E+01

inverse_sqrt_qr_factor                                                          

 col          1
      0.133333333333E+01
      0.128309077556E+01
      0.119140369763E+01
      0.109811197927E+01
      0.103025666480E+01
      0.100000000000E+01

          Region =    1

raw kinetic energy matrix for even FEDVR                                        

 col          1                   2                   3                   4                   5
     -0.209364154244E-01  0.305720016507E-01 -0.161197066062E-01  0.111280468815E-01 -0.762066898763E-02
      0.305720016507E-01 -0.171772583353E+00  0.189475563049E+00 -0.753423013612E-01  0.428349053743E-01
     -0.161197066062E-01  0.189475563049E+00 -0.630626768307E+00  0.593039677222E+00 -0.199834585043E+00
      0.111280468815E-01 -0.753423013612E-01  0.593039677222E+00 -0.168293306876E+01  0.146705225301E+01
     -0.762066898763E-02  0.428349053743E-01 -0.199834585043E+00  0.146705225301E+01 -0.439974968268E+01
      0.297674248609E-02 -0.157675853600E-01  0.640658196851E-01 -0.312944606990E+00  0.309731777833E+01
 col          6
      0.297674248609E-02
     -0.157675853600E-01
      0.640658196851E-01
     -0.312944606990E+00
      0.309731777833E+01
     -0.283564814815E+01

          Region =    2

raw kinetic energy matrix for even FEDVR                                        

 col          1                   2                   3                   4                   5
     -0.287500000000E+01  0.331500007841E+01 -0.631201759995E+00  0.311463407803E+00 -0.195261726214E+00
      0.331500007841E+01 -0.593499739818E+01  0.330556762748E+01 -0.104895789098E+01  0.576617865031E+00
     -0.631201759995E+00  0.330556762748E+01 -0.591109236739E+01  0.414838213497E+01 -0.134795490484E+01
      0.311463407803E+00 -0.104895789098E+01  0.414838213497E+01 -0.849528066601E+01  0.644134516833E+01
     -0.195261726214E+00  0.576617865031E+00 -0.134795490484E+01  0.644134516833E+01 -0.164086295684E+02
      0.750000000000E-01 -0.213230281762E+00  0.436299269776E+00 -0.135695215412E+01  0.109338831661E+02
 col          6
      0.750000000000E-01
     -0.213230281762E+00
      0.436299269776E+00
     -0.135695215412E+01
      0.109338831661E+02
     -0.987500000000E+01

          Region =    3

raw kinetic energy matrix for even FEDVR                                        

 col          1                   2                   3                   4                   5
     -0.108750000000E+02  0.122860719576E+02 -0.189511045683E+01  0.735590556200E+00 -0.393218723654E+00
      0.122860719576E+02 -0.206971632043E+02  0.102220129269E+02 -0.261099669939E+01  0.122324133546E+01
     -0.189511045683E+01  0.102220129269E+02 -0.171296530716E+02  0.109684253312E+02 -0.310932505583E+01
      0.735590556200E+00 -0.261099669939E+01  0.109684253312E+02 -0.214366335693E+02  0.154483088283E+02
     -0.393218723654E+00  0.122324133546E+01 -0.310932505583E+01  0.154483088283E+02 -0.381532168214E+02
      0.141666666667E+00 -0.423166316233E+00  0.943650326156E+00 -0.310469444703E+01  0.249842104371E+02
 col          6
      0.141666666667E+00
     -0.423166316233E+00
      0.943650326156E+00
     -0.310469444703E+01
      0.249842104371E+02
     -0.225416666667E+02

          Region =    4

raw kinetic energy matrix for even FEDVR                                        

 col          1                   2                   3                   4                   5
     -0.240416666667E+02  0.270124936244E+02 -0.391193190109E+01  0.139258725579E+01 -0.693148979071E+00
      0.270124936244E+02 -0.445860172753E+02  0.211193104662E+02 -0.500388774766E+01  0.219317654109E+01
     -0.391193190109E+01  0.211193104662E+02 -0.343881921777E+02  0.211984901256E+02 -0.570154744668E+01
      0.139258725579E+01 -0.500388774766E+01  0.211984901256E+02 -0.404179648745E+02  0.284361247282E+02
     -0.693148979071E+00  0.219317654109E+01 -0.570154744668E+01  0.284361247282E+02 -0.690244923392E+02
      0.241666666667E+00 -0.735075608682E+00  0.168387093373E+01 -0.560534948738E+01  0.447898874957E+02
 col          6
      0.241666666667E+00
     -0.735075608682E+00
      0.168387093373E+01
     -0.560534948738E+01
      0.447898874957E+02
     -0.403750000000E+02

                    Potential Type = none                            
potential matrix elements for region = 1                                        
 col          1
         0.00000000
         0.00000000
         0.00000000
         0.00000000
         0.00000000
         0.00000000

                    Potential Type = none                            
potential matrix elements for region = 2                                        
 col          1
         0.00000000
         0.00000000
         0.00000000
         0.00000000
         0.00000000
         0.00000000

                    Potential Type = none                            
potential matrix elements for region = 3                                        
 col          1
         0.00000000
         0.00000000
         0.00000000
         0.00000000
         0.00000000
         0.00000000

                    Potential Type = none                            
potential matrix elements for region = 4                                        
 col          1
         0.00000000
         0.00000000
         0.00000000
         0.00000000
         0.00000000
         0.00000000

          Region =    1

renormalized kinetic energy for even FEDVR matrix                               

 col          1                   2                   3                   4                   5
     -0.830858003969E+00  0.843654186048E+00 -0.397947722371E+00  0.284598119399E+00 -0.240170277131E+00
      0.843654186048E+00 -0.329617718564E+01  0.325265654201E+01 -0.133988668574E+01  0.938728673457E+00
     -0.397947722371E+00  0.325265654201E+01 -0.968468949814E+01  0.943498555553E+01 -0.391779063526E+01
      0.284598119399E+00 -0.133988668574E+01  0.943498555553E+01 -0.277375770723E+02  0.297961630666E+02
     -0.240170277131E+00  0.938728673457E+00 -0.391779063526E+01  0.297961630666E+02 -0.110117364907E+03
      0.151713215144E+00 -0.558809071100E+00  0.203120119176E+01 -0.102787006052E+02  0.125363062152E+03
 col          6
      0.151713215144E+00
     -0.558809071100E+00
      0.203120119176E+01
     -0.102787006052E+02
      0.125363062152E+03
     -0.373787878788E+03

          Region =    2

renormalized kinetic energy for even FEDVR matrix                               

 col          1                   2                   3                   4                   5
     -0.373787878788E+03  0.123304767430E+03 -0.193906347852E+02  0.956821348169E+01 -0.726295661219E+01
      0.123304767430E+03 -0.125450781869E+03  0.577067194961E+02 -0.183121102332E+02  0.121882382004E+02
     -0.193906347852E+02  0.577067194961E+02 -0.852266828732E+02  0.598117617996E+02 -0.235318300374E+02
      0.956821348169E+01 -0.183121102332E+02  0.598117617996E+02 -0.122485751574E+03  0.112449340233E+03
     -0.726295661219E+01  0.121882382004E+02 -0.235318300374E+02  0.112449340233E+03 -0.346836783684E+03
      0.470009671080E+01 -0.759365611252E+01  0.128325815011E+02 -0.399111351246E+02  0.389382540096E+03
 col          6
      0.470009671080E+01
     -0.759365611252E+01
      0.128325815011E+02
     -0.399111351246E+02
      0.389382540096E+03
     -0.124500000000E+04

          Region =    3

renormalized kinetic energy for even FEDVR matrix                               

 col          1                   2                   3                   4                   5
     -0.124500000000E+04  0.437537317162E+03 -0.557396289095E+02  0.216354379156E+02 -0.140034883402E+02
      0.437537317162E+03 -0.437485500373E+03  0.178450087590E+03 -0.455812952923E+02  0.258562172234E+02
     -0.557396289095E+02  0.178450087590E+03 -0.246976940864E+03  0.158143782777E+03 -0.542808282993E+02
      0.216354379156E+02 -0.455812952923E+02  0.158143782777E+03 -0.309075388698E+03  0.269687788818E+03
     -0.140034883402E+02  0.258562172234E+02 -0.542808282993E+02  0.269687788818E+03 -0.806462170065E+03
      0.850000000000E+01 -0.150699959561E+02  0.277549621505E+02 -0.913163218173E+02  0.889749339234E+03
 col          6
      0.850000000000E+01
     -0.150699959561E+02
      0.277549621505E+02
     -0.913163218173E+02
      0.889749339234E+03
     -0.279500000000E+04

          Region =    4

renormalized kinetic energy for even FEDVR matrix                               

 col          1                   2                   3                   4                   5
     -0.279500000000E+04  0.961981504833E+03 -0.115059062495E+03  0.409592467723E+02 -0.246847442977E+02
      0.961981504833E+03 -0.942435245099E+03  0.368688909853E+03 -0.873550261817E+02  0.463581857578E+02
     -0.115059062495E+03  0.368688909853E+03 -0.495812172633E+03  0.305641814242E+03 -0.995343723915E+02
      0.409592467723E+02 -0.873550261817E+02  0.305641814242E+03 -0.582749999601E+03  0.496421691573E+03
     -0.246847442977E+02  0.463581857578E+02 -0.995343723915E+02  0.496421691573E+03 -0.145900258267E+04
      0.205060966544E+02 -0.370210775182E+02  0.700411621255E+02 -0.233156344914E+03  0.225578141544E+04
 col          6
      0.205060966544E+02
     -0.370210775182E+02
      0.700411621255E+02
     -0.233156344914E+03
      0.225578141544E+04
     -0.484500000000E+04

Basic even matrix before trim Region = 1                                        

 col          1                   2                   3                   4                   5
     -0.830858003969E+00  0.843654186048E+00 -0.397947722371E+00  0.284598119399E+00 -0.240170277131E+00
      0.843654186048E+00 -0.329617718564E+01  0.325265654201E+01 -0.133988668574E+01  0.938728673457E+00
     -0.397947722371E+00  0.325265654201E+01 -0.968468949814E+01  0.943498555553E+01 -0.391779063526E+01
      0.284598119399E+00 -0.133988668574E+01  0.943498555553E+01 -0.277375770723E+02  0.297961630666E+02
     -0.240170277131E+00  0.938728673457E+00 -0.391779063526E+01  0.297961630666E+02 -0.110117364907E+03
      0.151713215144E+00 -0.558809071100E+00  0.203120119176E+01 -0.102787006052E+02  0.125363062152E+03
 col          6
      0.151713215144E+00
     -0.558809071100E+00
      0.203120119176E+01
     -0.102787006052E+02
      0.125363062152E+03
     -0.373787878788E+03

Basic even matrix before trim Region = 2                                        

 col          1                   2                   3                   4                   5
     -0.373787878788E+03  0.123304767430E+03 -0.193906347852E+02  0.956821348169E+01 -0.726295661219E+01
      0.123304767430E+03 -0.125450781869E+03  0.577067194961E+02 -0.183121102332E+02  0.121882382004E+02
     -0.193906347852E+02  0.577067194961E+02 -0.852266828732E+02  0.598117617996E+02 -0.235318300374E+02
      0.956821348169E+01 -0.183121102332E+02  0.598117617996E+02 -0.122485751574E+03  0.112449340233E+03
     -0.726295661219E+01  0.121882382004E+02 -0.235318300374E+02  0.112449340233E+03 -0.346836783684E+03
      0.470009671080E+01 -0.759365611252E+01  0.128325815011E+02 -0.399111351246E+02  0.389382540096E+03
 col          6
      0.470009671080E+01
     -0.759365611252E+01
      0.128325815011E+02
     -0.399111351246E+02
      0.389382540096E+03
     -0.124500000000E+04

Basic even matrix before trim Region = 3                                        

 col          1                   2                   3                   4                   5
     -0.124500000000E+04  0.437537317162E+03 -0.557396289095E+02  0.216354379156E+02 -0.140034883402E+02
      0.437537317162E+03 -0.437485500373E+03  0.178450087590E+03 -0.455812952923E+02  0.258562172234E+02
     -0.557396289095E+02  0.178450087590E+03 -0.246976940864E+03  0.158143782777E+03 -0.542808282993E+02
      0.216354379156E+02 -0.455812952923E+02  0.158143782777E+03 -0.309075388698E+03  0.269687788818E+03
     -0.140034883402E+02  0.258562172234E+02 -0.542808282993E+02  0.269687788818E+03 -0.806462170065E+03
      0.850000000000E+01 -0.150699959561E+02  0.277549621505E+02 -0.913163218173E+02  0.889749339234E+03
 col          6
      0.850000000000E+01
     -0.150699959561E+02
      0.277549621505E+02
     -0.913163218173E+02
      0.889749339234E+03
     -0.279500000000E+04

Basic even matrix before trim Region = 4                                        

 col          1                   2                   3                   4                   5
     -0.279500000000E+04  0.961981504833E+03 -0.115059062495E+03  0.409592467723E+02 -0.246847442977E+02
      0.961981504833E+03 -0.942435245099E+03  0.368688909853E+03 -0.873550261817E+02  0.463581857578E+02
     -0.115059062495E+03  0.368688909853E+03 -0.495812172633E+03  0.305641814242E+03 -0.995343723915E+02
      0.409592467723E+02 -0.873550261817E+02  0.305641814242E+03 -0.582749999601E+03  0.496421691573E+03
     -0.246847442977E+02  0.463581857578E+02 -0.995343723915E+02  0.496421691573E+03 -0.145900258267E+04
      0.205060966544E+02 -0.370210775182E+02  0.700411621255E+02 -0.233156344914E+03  0.225578141544E+04
 col          6
      0.205060966544E+02
     -0.370210775182E+02
      0.700411621255E+02
     -0.233156344914E+03
      0.225578141544E+04
     -0.484500000000E+04

Hamiltonian matrix before trim LM= 0   Region = 1                               

 col          1                   2                   3                   4                   5
      0.415429001984E+00 -0.421827093024E+00  0.198973861185E+00 -0.142299059699E+00  0.120085138566E+00
     -0.421827093024E+00  0.164808859282E+01 -0.162632827100E+01  0.669943342869E+00 -0.469364336729E+00
      0.198973861185E+00 -0.162632827100E+01  0.484234474907E+01 -0.471749277776E+01  0.195889531763E+01
     -0.142299059699E+00  0.669943342869E+00 -0.471749277776E+01  0.138687885362E+02 -0.148980815333E+02
      0.120085138566E+00 -0.469364336729E+00  0.195889531763E+01 -0.148980815333E+02  0.550586824533E+02
     -0.758566075718E-01  0.279404535550E+00 -0.101560059588E+01  0.513935030261E+01 -0.626815310760E+02
 col          6
     -0.758566075718E-01
      0.279404535550E+00
     -0.101560059588E+01
      0.513935030261E+01
     -0.626815310760E+02
      0.186893939394E+03

Hamiltonian matrix before trim LM= 0   Region = 2                               

 col          1                   2                   3                   4                   5
      0.186893939394E+03 -0.616523837151E+02  0.969531739258E+01 -0.478410674084E+01  0.363147830609E+01
     -0.616523837151E+02  0.627253909346E+02 -0.288533597481E+02  0.915605511661E+01 -0.609411910021E+01
      0.969531739258E+01 -0.288533597481E+02  0.426133414366E+02 -0.299058808998E+02  0.117659150187E+02
     -0.478410674084E+01  0.915605511661E+01 -0.299058808998E+02  0.612428757868E+02 -0.562246701166E+02
      0.363147830609E+01 -0.609411910021E+01  0.117659150187E+02 -0.562246701166E+02  0.173418391842E+03
     -0.235004835540E+01  0.379682805626E+01 -0.641629075055E+01  0.199555675623E+02 -0.194691270048E+03
 col          6
     -0.235004835540E+01
      0.379682805626E+01
     -0.641629075055E+01
      0.199555675623E+02
     -0.194691270048E+03
      0.622500000000E+03

Hamiltonian matrix before trim LM= 0   Region = 3                               

 col          1                   2                   3                   4                   5
      0.622500000000E+03 -0.218768658581E+03  0.278698144547E+02 -0.108177189578E+02  0.700174417011E+01
     -0.218768658581E+03  0.218742750187E+03 -0.892250437950E+02  0.227906476462E+02 -0.129281086117E+02
      0.278698144547E+02 -0.892250437950E+02  0.123488470432E+03 -0.790718913883E+02  0.271404141497E+02
     -0.108177189578E+02  0.227906476462E+02 -0.790718913883E+02  0.154537694349E+03 -0.134843894409E+03
      0.700174417011E+01 -0.129281086117E+02  0.271404141497E+02 -0.134843894409E+03  0.403231085032E+03
     -0.425000000000E+01  0.753499797807E+01 -0.138774810753E+02  0.456581609086E+02 -0.444874669617E+03
 col          6
     -0.425000000000E+01
      0.753499797807E+01
     -0.138774810753E+02
      0.456581609086E+02
     -0.444874669617E+03
      0.139750000000E+04

Hamiltonian matrix before trim LM= 0   Region = 4                               

 col          1                   2                   3                   4                   5
