  J1 =    0 M1 =    0 J2 =    0 M2 =    0 J =    0 M =    0

     CG_Coef =  0.10000000E+01
  J1 =    1 M1 =    0 J2 =    1 M2 =    0 J =    2 M =    0

     CG_Coef =  0.81649658E+00
