
                    One-Body DVR Basis Code. coord = x                       

                    coordinate = x                       

                    generating dvr representation in space

      size of the physical basis set =    40

     Nphy =    40  Nglobal =    41
final nodes                                                                     
 col          1
     0.13877788E-16
     0.14684042E-01
     0.44673030E-01
     0.80326970E-01
     0.11031596E+00
     0.12500000E+00
final weights                                                                   
 col          1
     0.41666667E-02
     0.23654685E-01
     0.34678649E-01
     0.34678649E-01
     0.23654685E-01
     0.41666667E-02
coordinate function                                                             
 col          1              2              3              4              5
     0.10000000E+01 0.00000000E+00 0.00000000E+00 0.00000000E+00 0.00000000E+00
     0.00000000E+00 0.10000000E+01 0.00000000E+00 0.00000000E+00 0.00000000E+00
     0.00000000E+00 0.00000000E+00 0.10000000E+01 0.00000000E+00 0.00000000E+00
     0.00000000E+00 0.00000000E+00 0.00000000E+00 0.10000000E+01 0.00000000E+00
     0.00000000E+00 0.00000000E+00 0.00000000E+00 0.00000000E+00 0.10000000E+01
     0.00000000E+00 0.00000000E+00 0.00000000E+00 0.00000000E+00 0.00000000E+00
 col          6
     0.00000000E+00
     0.00000000E+00
     0.00000000E+00
     0.00000000E+00
     0.00000000E+00
     0.10000000E+01
first derivative of coordinate function                                         
 col          1              2              3              4              5
    -0.12000000E+03 0.16226265E+03-0.64578996E+02 0.35914954E+02-0.21598613E+02
    -0.28581839E+02 0.17763568E-13 0.40374828E+02-0.18445251E+02 0.10456760E+02
     0.77592168E+01-0.27540111E+02 0.35527137E-13 0.28047391E+02-0.12581707E+02
    -0.43152098E+01 0.12581707E+02-0.28047391E+02 0.10658141E-13 0.27540111E+02
     0.38044988E+01-0.10456760E+02 0.18445251E+02-0.40374828E+02-0.19895197E-12
    -0.80000000E+01 0.21598613E+02-0.35914954E+02 0.64578996E+02-0.16226265E+03
 col          6
     0.80000000E+01
    -0.38044988E+01
     0.43152098E+01
    -0.77592168E+01
     0.28581839E+02
     0.12000000E+03
second derivative of coordinate function                                        
 col          1              2              3              4              5
     0.89600000E+04-0.16842494E+05 0.12607774E+05-0.77253700E+04 0.47920898E+04
     0.38929116E+04-0.61732808E+04 0.26926436E+04-0.56198744E+03 0.21868766E+03
    -0.34737813E+03 0.18366816E+04-0.27867192E+04 0.15733123E+04-0.38333777E+03
     0.10744112E+03-0.38333777E+03 0.15733123E+04-0.27867192E+04 0.18366816E+04
    -0.68974588E+02 0.21868766E+03-0.56198744E+03 0.26926436E+04-0.61732808E+04
    -0.17920000E+04 0.47920898E+04-0.77253700E+04 0.12607774E+05-0.16842494E+05
 col          6
    -0.17920000E+04
    -0.68974588E+02
     0.10744112E+03
    -0.34737813E+03
     0.38929116E+04
     0.89600000E+04
unnormalized overlap matrix for sector = 1                                      
 col          1              2              3              4              5
         0.00416667     0.00000000     0.00000000     0.00000000     0.00000000
         0.00000000     0.02365468     0.00000000     0.00000000     0.00000000
         0.00000000     0.00000000     0.03467865     0.00000000     0.00000000
         0.00000000     0.00000000     0.00000000     0.03467865     0.00000000
         0.00000000     0.00000000     0.00000000     0.00000000     0.02365468
         0.00000000     0.00000000     0.00000000     0.00000000     0.00000000
 col          6
         0.00000000
         0.00000000
         0.00000000
         0.00000000
         0.00000000
         0.00416667
unnormalized kinetic energy matrix for region = 1                               
 col          1              2              3              4              5
        41.33333333   -46.04279830     6.02330198    -1.86295641     0.81578606
       -46.04279830    73.01350612   -31.84681792     6.64681792    -2.58649388
         6.02330198   -31.84681792    48.31982722   -27.28017278     6.64681792
        -1.86295641     6.64681792   -27.28017278    48.31982722   -31.84681792
         0.81578606    -2.58649388     6.64681792   -31.84681792    73.01350612
        -0.26666667     0.81578606    -1.86295641     6.02330198   -46.04279830
 col          6
        -0.26666667
         0.81578606
        -1.86295641
         6.02330198
       -46.04279830
        41.33333333
unnormalized first derivative matrix for region = 1                             
 col          1              2              3              4              5
         0.25000000     0.33804720    -0.13453958     0.07482282    -0.04499711
        -0.33804720     0.00000000     0.47752692    -0.21815829     0.12367568
         0.13453958    -0.47752692     0.00000000     0.48632282    -0.21815829
        -0.07482282     0.21815829    -0.48632282     0.00000000     0.47752692
         0.04499711    -0.12367568     0.21815829    -0.47752692     0.00000000
        -0.01666667     0.04499711    -0.07482282     0.13453958    -0.33804720
 col          6
         0.01666667
        -0.04499711
         0.07482282
        -0.13453958
         0.33804720
        -0.25000000

 potential type = well                            
 angular momentum =   0
potential matrix elements for region = 1                                        
 col          1
         0.00000000
         0.00000000
         0.00000000
         0.00000000
         0.00000000
         0.00000000
final nodes                                                                     
 col          1
     0.12500000E+00
     0.13968404E+00
     0.16967303E+00
     0.20532697E+00
     0.23531596E+00
     0.25000000E+00
final weights                                                                   
 col          1
     0.41666667E-02
     0.23654685E-01
     0.34678649E-01
     0.34678649E-01
     0.23654685E-01
     0.41666667E-02
coordinate function                                                             
 col          1              2              3              4              5
     0.10000000E+01 0.00000000E+00 0.00000000E+00 0.00000000E+00 0.00000000E+00
     0.00000000E+00 0.10000000E+01 0.00000000E+00 0.00000000E+00 0.00000000E+00
     0.00000000E+00 0.00000000E+00 0.10000000E+01 0.00000000E+00 0.00000000E+00
     0.00000000E+00 0.00000000E+00 0.00000000E+00 0.10000000E+01 0.00000000E+00
     0.00000000E+00 0.00000000E+00 0.00000000E+00 0.00000000E+00 0.10000000E+01
     0.00000000E+00 0.00000000E+00 0.00000000E+00 0.00000000E+00 0.00000000E+00
 col          6
     0.00000000E+00
     0.00000000E+00
     0.00000000E+00
     0.00000000E+00
     0.00000000E+00
     0.10000000E+01
first derivative of coordinate function                                         
 col          1              2              3              4              5
    -0.12000000E+03 0.16226265E+03-0.64578996E+02 0.35914954E+02-0.21598613E+02
    -0.28581839E+02 0.31974423E-13 0.40374828E+02-0.18445251E+02 0.10456760E+02
     0.77592168E+01-0.27540111E+02 0.24868996E-13 0.28047391E+02-0.12581707E+02
    -0.43152098E+01 0.12581707E+02-0.28047391E+02 0.35527137E-14 0.27540111E+02
     0.38044988E+01-0.10456760E+02 0.18445251E+02-0.40374828E+02-0.19895197E-12
    -0.80000000E+01 0.21598613E+02-0.35914954E+02 0.64578996E+02-0.16226265E+03
 col          6
     0.80000000E+01
    -0.38044988E+01
     0.43152098E+01
    -0.77592168E+01
     0.28581839E+02
     0.12000000E+03
second derivative of coordinate function                                        
 col          1              2              3              4              5
     0.89600000E+04-0.16842494E+05 0.12607774E+05-0.77253700E+04 0.47920898E+04
     0.38929116E+04-0.61732808E+04 0.26926436E+04-0.56198744E+03 0.21868766E+03
    -0.34737813E+03 0.18366816E+04-0.27867192E+04 0.15733123E+04-0.38333777E+03
     0.10744112E+03-0.38333777E+03 0.15733123E+04-0.27867192E+04 0.18366816E+04
    -0.68974588E+02 0.21868766E+03-0.56198744E+03 0.26926436E+04-0.61732808E+04
    -0.17920000E+04 0.47920898E+04-0.77253700E+04 0.12607774E+05-0.16842494E+05
 col          6
    -0.17920000E+04
    -0.68974588E+02
     0.10744112E+03
    -0.34737813E+03
     0.38929116E+04
     0.89600000E+04
unnormalized overlap matrix for sector = 2                                      
 col          1              2              3              4              5
         0.00416667     0.00000000     0.00000000     0.00000000     0.00000000
         0.00000000     0.02365468     0.00000000     0.00000000     0.00000000
         0.00000000     0.00000000     0.03467865     0.00000000     0.00000000
         0.00000000     0.00000000     0.00000000     0.03467865     0.00000000
         0.00000000     0.00000000     0.00000000     0.00000000     0.02365468
         0.00000000     0.00000000     0.00000000     0.00000000     0.00000000
 col          6
         0.00000000
         0.00000000
         0.00000000
         0.00000000
         0.00000000
         0.00416667
unnormalized kinetic energy matrix for region = 2                               
 col          1              2              3              4              5
        41.33333333   -46.04279830     6.02330198    -1.86295641     0.81578606
       -46.04279830    73.01350612   -31.84681792     6.64681792    -2.58649388
         6.02330198   -31.84681792    48.31982722   -27.28017278     6.64681792
        -1.86295641     6.64681792   -27.28017278    48.31982722   -31.84681792
         0.81578606    -2.58649388     6.64681792   -31.84681792    73.01350612
        -0.26666667     0.81578606    -1.86295641     6.02330198   -46.04279830
 col          6
        -0.26666667
         0.81578606
        -1.86295641
         6.02330198
       -46.04279830
        41.33333333
unnormalized first derivative matrix for region = 2                             
 col          1              2              3              4              5
         0.25000000     0.33804720    -0.13453958     0.07482282    -0.04499711
        -0.33804720     0.00000000     0.47752692    -0.21815829     0.12367568
         0.13453958    -0.47752692     0.00000000     0.48632282    -0.21815829
        -0.07482282     0.21815829    -0.48632282     0.00000000     0.47752692
         0.04499711    -0.12367568     0.21815829    -0.47752692     0.00000000
        -0.01666667     0.04499711    -0.07482282     0.13453958    -0.33804720
 col          6
         0.01666667
        -0.04499711
         0.07482282
        -0.13453958
         0.33804720
        -0.25000000
potential matrix elements for region = 2                                        
 col          1
         0.00000000
         0.00000000
         0.00000000
         0.00000000
         0.00000000
         0.00000000
final nodes                                                                     
 col          1
     0.25000000E+00
     0.26468404E+00
     0.29467303E+00
     0.33032697E+00
     0.36031596E+00
     0.37500000E+00
final weights                                                                   
 col          1
     0.41666667E-02
     0.23654685E-01
     0.34678649E-01
     0.34678649E-01
     0.23654685E-01
     0.41666667E-02
coordinate function                                                             
 col          1              2              3              4              5
     0.10000000E+01 0.00000000E+00 0.00000000E+00 0.00000000E+00 0.00000000E+00
     0.00000000E+00 0.10000000E+01 0.00000000E+00 0.00000000E+00 0.00000000E+00
     0.00000000E+00 0.00000000E+00 0.10000000E+01 0.00000000E+00 0.00000000E+00
     0.00000000E+00 0.00000000E+00 0.00000000E+00 0.10000000E+01 0.00000000E+00
     0.00000000E+00 0.00000000E+00 0.00000000E+00 0.00000000E+00 0.10000000E+01
     0.00000000E+00 0.00000000E+00 0.00000000E+00 0.00000000E+00 0.00000000E+00
 col          6
     0.00000000E+00
     0.00000000E+00
     0.00000000E+00
     0.00000000E+00
     0.00000000E+00
     0.10000000E+01
first derivative of coordinate function                                         
 col          1              2              3              4              5
    -0.12000000E+03 0.16226265E+03-0.64578996E+02 0.35914954E+02-0.21598613E+02
    -0.28581839E+02 0.40856207E-13 0.40374828E+02-0.18445251E+02 0.10456760E+02
     0.77592168E+01-0.27540111E+02 0.53290705E-13 0.28047391E+02-0.12581707E+02
    -0.43152098E+01 0.12581707E+02-0.28047391E+02-0.60396133E-13 0.27540111E+02
     0.38044988E+01-0.10456760E+02 0.18445251E+02-0.40374828E+02-0.42632564E-13
    -0.80000000E+01 0.21598613E+02-0.35914954E+02 0.64578996E+02-0.16226265E+03
 col          6
     0.80000000E+01
    -0.38044988E+01
     0.43152098E+01
    -0.77592168E+01
     0.28581839E+02
     0.12000000E+03
second derivative of coordinate function                                        
 col          1              2              3              4              5
     0.89600000E+04-0.16842494E+05 0.12607774E+05-0.77253700E+04 0.47920898E+04
     0.38929116E+04-0.61732808E+04 0.26926436E+04-0.56198744E+03 0.21868766E+03
    -0.34737813E+03 0.18366816E+04-0.27867192E+04 0.15733123E+04-0.38333777E+03
     0.10744112E+03-0.38333777E+03 0.15733123E+04-0.27867192E+04 0.18366816E+04
    -0.68974588E+02 0.21868766E+03-0.56198744E+03 0.26926436E+04-0.61732808E+04
    -0.17920000E+04 0.47920898E+04-0.77253700E+04 0.12607774E+05-0.16842494E+05
 col          6
    -0.17920000E+04
    -0.68974588E+02
     0.10744112E+03
    -0.34737813E+03
     0.38929116E+04
     0.89600000E+04
unnormalized overlap matrix for sector = 3                                      
 col          1              2              3              4              5
         0.00416667     0.00000000     0.00000000     0.00000000     0.00000000
         0.00000000     0.02365468     0.00000000     0.00000000     0.00000000
         0.00000000     0.00000000     0.03467865     0.00000000     0.00000000
         0.00000000     0.00000000     0.00000000     0.03467865     0.00000000
         0.00000000     0.00000000     0.00000000     0.00000000     0.02365468
         0.00000000     0.00000000     0.00000000     0.00000000     0.00000000
 col          6
         0.00000000
         0.00000000
         0.00000000
         0.00000000
         0.00000000
         0.00416667
unnormalized kinetic energy matrix for region = 3                               
 col          1              2              3              4              5
        41.33333333   -46.04279830     6.02330198    -1.86295641     0.81578606
       -46.04279830    73.01350612   -31.84681792     6.64681792    -2.58649388
         6.02330198   -31.84681792    48.31982722   -27.28017278     6.64681792
        -1.86295641     6.64681792   -27.28017278    48.31982722   -31.84681792
         0.81578606    -2.58649388     6.64681792   -31.84681792    73.01350612
        -0.26666667     0.81578606    -1.86295641     6.02330198   -46.04279830
 col          6
        -0.26666667
         0.81578606
        -1.86295641
         6.02330198
       -46.04279830
        41.33333333
unnormalized first derivative matrix for region = 3                             
 col          1              2              3              4              5
         0.25000000     0.33804720    -0.13453958     0.07482282    -0.04499711
        -0.33804720     0.00000000     0.47752692    -0.21815829     0.12367568
         0.13453958    -0.47752692     0.00000000     0.48632282    -0.21815829
        -0.07482282     0.21815829    -0.48632282     0.00000000     0.47752692
         0.04499711    -0.12367568     0.21815829    -0.47752692     0.00000000
        -0.01666667     0.04499711    -0.07482282     0.13453958    -0.33804720
 col          6
         0.01666667
        -0.04499711
         0.07482282
        -0.13453958
         0.33804720
        -0.25000000
potential matrix elements for region = 3                                        
 col          1
         0.00000000
         0.00000000
         0.00000000
         0.00000000
         0.00000000
         0.00000000
final nodes                                                                     
 col          1
     0.37500000E+00
     0.38968404E+00
     0.41967303E+00
     0.45532697E+00
     0.48531596E+00
     0.50000000E+00
final weights                                                                   
 col          1
     0.41666667E-02
     0.23654685E-01
     0.34678649E-01
     0.34678649E-01
     0.23654685E-01
     0.41666667E-02
coordinate function                                                             
 col          1              2              3              4              5
     0.10000000E+01 0.00000000E+00 0.00000000E+00 0.00000000E+00 0.00000000E+00
     0.00000000E+00 0.10000000E+01 0.00000000E+00 0.00000000E+00 0.00000000E+00
     0.00000000E+00 0.00000000E+00 0.10000000E+01 0.00000000E+00 0.00000000E+00
     0.00000000E+00 0.00000000E+00 0.00000000E+00 0.10000000E+01 0.00000000E+00
     0.00000000E+00 0.00000000E+00 0.00000000E+00 0.00000000E+00 0.10000000E+01
     0.00000000E+00 0.00000000E+00 0.00000000E+00 0.00000000E+00 0.00000000E+00
 col          6
     0.00000000E+00
     0.00000000E+00
     0.00000000E+00
     0.00000000E+00
     0.00000000E+00
     0.10000000E+01
first derivative of coordinate function                                         
 col          1              2              3              4              5
    -0.12000000E+03 0.16226265E+03-0.64578996E+02 0.35914954E+02-0.21598613E+02
    -0.28581839E+02 0.40856207E-13 0.40374828E+02-0.18445251E+02 0.10456760E+02
     0.77592168E+01-0.27540111E+02 0.53290705E-13 0.28047391E+02-0.12581707E+02
    -0.43152098E+01 0.12581707E+02-0.28047391E+02-0.60396133E-13 0.27540111E+02
     0.38044988E+01-0.10456760E+02 0.18445251E+02-0.40374828E+02-0.42632564E-13
    -0.80000000E+01 0.21598613E+02-0.35914954E+02 0.64578996E+02-0.16226265E+03
 col          6
     0.80000000E+01
    -0.38044988E+01
     0.43152098E+01
    -0.77592168E+01
     0.28581839E+02
     0.12000000E+03
second derivative of coordinate function                                        
 col          1              2              3              4              5
     0.89600000E+04-0.16842494E+05 0.12607774E+05-0.77253700E+04 0.47920898E+04
     0.38929116E+04-0.61732808E+04 0.26926436E+04-0.56198744E+03 0.21868766E+03
    -0.34737813E+03 0.18366816E+04-0.27867192E+04 0.15733123E+04-0.38333777E+03
     0.10744112E+03-0.38333777E+03 0.15733123E+04-0.27867192E+04 0.18366816E+04
    -0.68974588E+02 0.21868766E+03-0.56198744E+03 0.26926436E+04-0.61732808E+04
    -0.17920000E+04 0.47920898E+04-0.77253700E+04 0.12607774E+05-0.16842494E+05
 col          6
    -0.17920000E+04
    -0.68974588E+02
     0.10744112E+03
    -0.34737813E+03
     0.38929116E+04
     0.89600000E+04
unnormalized overlap matrix for sector = 4                                      
 col          1              2              3              4              5
         0.00416667     0.00000000     0.00000000     0.00000000     0.00000000
         0.00000000     0.02365468     0.00000000     0.00000000     0.00000000
         0.00000000     0.00000000     0.03467865     0.00000000     0.00000000
         0.00000000     0.00000000     0.00000000     0.03467865     0.00000000
         0.00000000     0.00000000     0.00000000     0.00000000     0.02365468
         0.00000000     0.00000000     0.00000000     0.00000000     0.00000000
 col          6
         0.00000000
         0.00000000
         0.00000000
         0.00000000
         0.00000000
         0.00416667
unnormalized kinetic energy matrix for region = 4                               
 col          1              2              3              4              5
        41.33333333   -46.04279830     6.02330198    -1.86295641     0.81578606
       -46.04279830    73.01350612   -31.84681792     6.64681792    -2.58649388
         6.02330198   -31.84681792    48.31982722   -27.28017278     6.64681792
        -1.86295641     6.64681792   -27.28017278    48.31982722   -31.84681792
         0.81578606    -2.58649388     6.64681792   -31.84681792    73.01350612
        -0.26666667     0.81578606    -1.86295641     6.02330198   -46.04279830
 col          6
        -0.26666667
         0.81578606
        -1.86295641
         6.02330198
       -46.04279830
        41.33333333
unnormalized first derivative matrix for region = 4                             
 col          1              2              3              4              5
         0.25000000     0.33804720    -0.13453958     0.07482282    -0.04499711
        -0.33804720     0.00000000     0.47752692    -0.21815829     0.12367568
         0.13453958    -0.47752692     0.00000000     0.48632282    -0.21815829
        -0.07482282     0.21815829    -0.48632282     0.00000000     0.47752692
         0.04499711    -0.12367568     0.21815829    -0.47752692     0.00000000
        -0.01666667     0.04499711    -0.07482282     0.13453958    -0.33804720
 col          6
         0.01666667
        -0.04499711
         0.07482282
        -0.13453958
         0.33804720
        -0.25000000
potential matrix elements for region = 4                                        
 col          1
         0.00000000
         0.00000000
         0.00000000
         0.00000000
         0.00000000
         0.00000000
final nodes                                                                     
 col          1
     0.50000000E+00
     0.51468404E+00
     0.54467303E+00
     0.58032697E+00
     0.61031596E+00
     0.62500000E+00
final weights                                                                   
 col          1
     0.41666667E-02
     0.23654685E-01
     0.34678649E-01
     0.34678649E-01
     0.23654685E-01
     0.41666667E-02
coordinate function                                                             
 col          1              2              3              4              5
     0.10000000E+01 0.00000000E+00 0.00000000E+00 0.00000000E+00 0.00000000E+00
     0.00000000E+00 0.10000000E+01 0.00000000E+00 0.00000000E+00 0.00000000E+00
     0.00000000E+00 0.00000000E+00 0.10000000E+01 0.00000000E+00 0.00000000E+00
     0.00000000E+00 0.00000000E+00 0.00000000E+00 0.10000000E+01 0.00000000E+00
     0.00000000E+00 0.00000000E+00 0.00000000E+00 0.00000000E+00 0.10000000E+01
     0.00000000E+00 0.00000000E+00 0.00000000E+00 0.00000000E+00 0.00000000E+00
 col          6
     0.00000000E+00
     0.00000000E+00
     0.00000000E+00
     0.00000000E+00
     0.00000000E+00
     0.10000000E+01
first derivative of coordinate function                                         
 col          1              2              3              4              5
    -0.12000000E+03 0.16226265E+03-0.64578996E+02 0.35914954E+02-0.21598613E+02
    -0.28581839E+02 0.90594199E-13 0.40374828E+02-0.18445251E+02 0.10456760E+02
     0.77592168E+01-0.27540111E+02-0.14210855E-12 0.28047391E+02-0.12581707E+02
    -0.43152098E+01 0.12581707E+02-0.28047391E+02 0.14566126E-12 0.27540111E+02
     0.38044988E+01-0.10456760E+02 0.18445251E+02-0.40374828E+02-0.99475983E-13
    -0.80000000E+01 0.21598613E+02-0.35914954E+02 0.64578996E+02-0.16226265E+03
 col          6
     0.80000000E+01
    -0.38044988E+01
     0.43152098E+01
    -0.77592168E+01
     0.28581839E+02
     0.12000000E+03
second derivative of coordinate function                                        
 col          1              2              3              4              5
     0.89600000E+04-0.16842494E+05 0.12607774E+05-0.77253700E+04 0.47920898E+04
     0.38929116E+04-0.61732808E+04 0.26926436E+04-0.56198744E+03 0.21868766E+03
    -0.34737813E+03 0.18366816E+04-0.27867192E+04 0.15733123E+04-0.38333777E+03
     0.10744112E+03-0.38333777E+03 0.15733123E+04-0.27867192E+04 0.18366816E+04
    -0.68974588E+02 0.21868766E+03-0.56198744E+03 0.26926436E+04-0.61732808E+04
    -0.17920000E+04 0.47920898E+04-0.77253700E+04 0.12607774E+05-0.16842494E+05
 col          6
    -0.17920000E+04
    -0.68974588E+02
     0.10744112E+03
    -0.34737813E+03
     0.38929116E+04
     0.89600000E+04
unnormalized overlap matrix for sector = 5                                      
 col          1              2              3              4              5
         0.00416667     0.00000000     0.00000000     0.00000000     0.00000000
         0.00000000     0.02365468     0.00000000     0.00000000     0.00000000
         0.00000000     0.00000000     0.03467865     0.00000000     0.00000000
         0.00000000     0.00000000     0.00000000     0.03467865     0.00000000
         0.00000000     0.00000000     0.00000000     0.00000000     0.02365468
         0.00000000     0.00000000     0.00000000     0.00000000     0.00000000
 col          6
         0.00000000
         0.00000000
         0.00000000
         0.00000000
         0.00000000
         0.00416667
unnormalized kinetic energy matrix for region = 5                               
 col          1              2              3              4              5
        41.33333333   -46.04279830     6.02330198    -1.86295641     0.81578606
       -46.04279830    73.01350612   -31.84681792     6.64681792    -2.58649388
         6.02330198   -31.84681792    48.31982722   -27.28017278     6.64681792
        -1.86295641     6.64681792   -27.28017278    48.31982722   -31.84681792
         0.81578606    -2.58649388     6.64681792   -31.84681792    73.01350612
        -0.26666667     0.81578606    -1.86295641     6.02330198   -46.04279830
 col          6
        -0.26666667
         0.81578606
        -1.86295641
         6.02330198
       -46.04279830
        41.33333333
unnormalized first derivative matrix for region = 5                             
 col          1              2              3              4              5
         0.25000000     0.33804720    -0.13453958     0.07482282    -0.04499711
        -0.33804720     0.00000000     0.47752692    -0.21815829     0.12367568
         0.13453958    -0.47752692     0.00000000     0.48632282    -0.21815829
        -0.07482282     0.21815829    -0.48632282     0.00000000     0.47752692
         0.04499711    -0.12367568     0.21815829    -0.47752692     0.00000000
        -0.01666667     0.04499711    -0.07482282     0.13453958    -0.33804720
 col          6
         0.01666667
        -0.04499711
         0.07482282
        -0.13453958
         0.33804720
        -0.25000000
potential matrix elements for region = 5                                        
 col          1
         0.00000000
         0.00000000
         0.00000000
         0.00000000
         0.00000000
         0.00000000
final nodes                                                                     
 col          1
     0.62500000E+00
     0.63968404E+00
     0.66967303E+00
     0.70532697E+00
     0.73531596E+00
     0.75000000E+00
final weights                                                                   
 col          1
     0.41666667E-02
     0.23654685E-01
     0.34678649E-01
     0.34678649E-01
     0.23654685E-01
     0.41666667E-02
coordinate function                                                             
 col          1              2              3              4              5
     0.10000000E+01 0.00000000E+00 0.00000000E+00 0.00000000E+00 0.00000000E+00
     0.00000000E+00 0.10000000E+01 0.00000000E+00 0.00000000E+00 0.00000000E+00
     0.00000000E+00 0.00000000E+00 0.10000000E+01 0.00000000E+00 0.00000000E+00
     0.00000000E+00 0.00000000E+00 0.00000000E+00 0.10000000E+01 0.00000000E+00
     0.00000000E+00 0.00000000E+00 0.00000000E+00 0.00000000E+00 0.10000000E+01
     0.00000000E+00 0.00000000E+00 0.00000000E+00 0.00000000E+00 0.00000000E+00
 col          6
     0.00000000E+00
     0.00000000E+00
     0.00000000E+00
     0.00000000E+00
     0.00000000E+00
     0.10000000E+01
first derivative of coordinate function                                         
 col          1              2              3              4              5
    -0.12000000E+03 0.16226265E+03-0.64578996E+02 0.35914954E+02-0.21598613E+02
    -0.28581839E+02 0.90594199E-13 0.40374828E+02-0.18445251E+02 0.10456760E+02
     0.77592168E+01-0.27540111E+02-0.14210855E-12 0.28047391E+02-0.12581707E+02
    -0.43152098E+01 0.12581707E+02-0.28047391E+02 0.14566126E-12 0.27540111E+02
     0.38044988E+01-0.10456760E+02 0.18445251E+02-0.40374828E+02-0.99475983E-13
    -0.80000000E+01 0.21598613E+02-0.35914954E+02 0.64578996E+02-0.16226265E+03
 col          6
     0.80000000E+01
    -0.38044988E+01
     0.43152098E+01
    -0.77592168E+01
     0.28581839E+02
     0.12000000E+03
second derivative of coordinate function                                        
 col          1              2              3              4              5
     0.89600000E+04-0.16842494E+05 0.12607774E+05-0.77253700E+04 0.47920898E+04
     0.38929116E+04-0.61732808E+04 0.26926436E+04-0.56198744E+03 0.21868766E+03
    -0.34737813E+03 0.18366816E+04-0.27867192E+04 0.15733123E+04-0.38333777E+03
     0.10744112E+03-0.38333777E+03 0.15733123E+04-0.27867192E+04 0.18366816E+04
    -0.68974588E+02 0.21868766E+03-0.56198744E+03 0.26926436E+04-0.61732808E+04
    -0.17920000E+04 0.47920898E+04-0.77253700E+04 0.12607774E+05-0.16842494E+05
 col          6
    -0.17920000E+04
    -0.68974588E+02
     0.10744112E+03
    -0.34737813E+03
     0.38929116E+04
     0.89600000E+04
unnormalized overlap matrix for sector = 6                                      
 col          1              2              3              4              5
         0.00416667     0.00000000     0.00000000     0.00000000     0.00000000
         0.00000000     0.02365468     0.00000000     0.00000000     0.00000000
         0.00000000     0.00000000     0.03467865     0.00000000     0.00000000
         0.00000000     0.00000000     0.00000000     0.03467865     0.00000000
         0.00000000     0.00000000     0.00000000     0.00000000     0.02365468
         0.00000000     0.00000000     0.00000000     0.00000000     0.00000000
 col          6
         0.00000000
         0.00000000
         0.00000000
         0.00000000
         0.00000000
         0.00416667
unnormalized kinetic energy matrix for region = 6                               
 col          1              2              3              4              5
        41.33333333   -46.04279830     6.02330198    -1.86295641     0.81578606
       -46.04279830    73.01350612   -31.84681792     6.64681792    -2.58649388
         6.02330198   -31.84681792    48.31982722   -27.28017278     6.64681792
        -1.86295641     6.64681792   -27.28017278    48.31982722   -31.84681792
         0.81578606    -2.58649388     6.64681792   -31.84681792    73.01350612
        -0.26666667     0.81578606    -1.86295641     6.02330198   -46.04279830
 col          6
        -0.26666667
         0.81578606
        -1.86295641
         6.02330198
       -46.04279830
        41.33333333
unnormalized first derivative matrix for region = 6                             
 col          1              2              3              4              5
         0.25000000     0.33804720    -0.13453958     0.07482282    -0.04499711
        -0.33804720     0.00000000     0.47752692    -0.21815829     0.12367568
         0.13453958    -0.47752692     0.00000000     0.48632282    -0.21815829
        -0.07482282     0.21815829    -0.48632282     0.00000000     0.47752692
         0.04499711    -0.12367568     0.21815829    -0.47752692     0.00000000
        -0.01666667     0.04499711    -0.07482282     0.13453958    -0.33804720
 col          6
         0.01666667
        -0.04499711
         0.07482282
        -0.13453958
         0.33804720
        -0.25000000
potential matrix elements for region = 6                                        
 col          1
         0.00000000
         0.00000000
         0.00000000
         0.00000000
         0.00000000
         0.00000000
final nodes                                                                     
 col          1
     0.75000000E+00
     0.76468404E+00
     0.79467303E+00
     0.83032697E+00
     0.86031596E+00
     0.87500000E+00
final weights                                                                   
 col          1
     0.41666667E-02
     0.23654685E-01
     0.34678649E-01
     0.34678649E-01
     0.23654685E-01
     0.41666667E-02
coordinate function                                                             
 col          1              2              3              4              5
     0.10000000E+01 0.00000000E+00 0.00000000E+00 0.00000000E+00 0.00000000E+00
     0.00000000E+00 0.10000000E+01 0.00000000E+00 0.00000000E+00 0.00000000E+00
     0.00000000E+00 0.00000000E+00 0.10000000E+01 0.00000000E+00 0.00000000E+00
     0.00000000E+00 0.00000000E+00 0.00000000E+00 0.10000000E+01 0.00000000E+00
     0.00000000E+00 0.00000000E+00 0.00000000E+00 0.00000000E+00 0.10000000E+01
     0.00000000E+00 0.00000000E+00 0.00000000E+00 0.00000000E+00 0.00000000E+00
 col          6
     0.00000000E+00
     0.00000000E+00
     0.00000000E+00
     0.00000000E+00
     0.00000000E+00
     0.10000000E+01
first derivative of coordinate function                                         
 col          1              2              3              4              5
    -0.12000000E+03 0.16226265E+03-0.64578996E+02 0.35914954E+02-0.21598613E+02
    -0.28581839E+02 0.90594199E-13 0.40374828E+02-0.18445251E+02 0.10456760E+02
     0.77592168E+01-0.27540111E+02-0.14210855E-12 0.28047391E+02-0.12581707E+02
    -0.43152098E+01 0.12581707E+02-0.28047391E+02 0.14566126E-12 0.27540111E+02
     0.38044988E+01-0.10456760E+02 0.18445251E+02-0.40374828E+02-0.99475983E-13
    -0.80000000E+01 0.21598613E+02-0.35914954E+02 0.64578996E+02-0.16226265E+03
 col          6
     0.80000000E+01
    -0.38044988E+01
     0.43152098E+01
    -0.77592168E+01
     0.28581839E+02
     0.12000000E+03
second derivative of coordinate function                                        
 col          1              2              3              4              5
     0.89600000E+04-0.16842494E+05 0.12607774E+05-0.77253700E+04 0.47920898E+04
     0.38929116E+04-0.61732808E+04 0.26926436E+04-0.56198744E+03 0.21868766E+03
    -0.34737813E+03 0.18366816E+04-0.27867192E+04 0.15733123E+04-0.38333777E+03
     0.10744112E+03-0.38333777E+03 0.15733123E+04-0.27867192E+04 0.18366816E+04
    -0.68974588E+02 0.21868766E+03-0.56198744E+03 0.26926436E+04-0.61732808E+04
    -0.17920000E+04 0.47920898E+04-0.77253700E+04 0.12607774E+05-0.16842494E+05
 col          6
    -0.17920000E+04
    -0.68974588E+02
     0.10744112E+03
    -0.34737813E+03
     0.38929116E+04
     0.89600000E+04
unnormalized overlap matrix for sector = 7                                      
 col          1              2              3              4              5
         0.00416667     0.00000000     0.00000000     0.00000000     0.00000000
         0.00000000     0.02365468     0.00000000     0.00000000     0.00000000
         0.00000000     0.00000000     0.03467865     0.00000000     0.00000000
         0.00000000     0.00000000     0.00000000     0.03467865     0.00000000
         0.00000000     0.00000000     0.00000000     0.00000000     0.02365468
         0.00000000     0.00000000     0.00000000     0.00000000     0.00000000
 col          6
         0.00000000
         0.00000000
         0.00000000
         0.00000000
         0.00000000
         0.00416667
unnormalized kinetic energy matrix for region = 7                               
 col          1              2              3              4              5
        41.33333333   -46.04279830     6.02330198    -1.86295641     0.81578606
       -46.04279830    73.01350612   -31.84681792     6.64681792    -2.58649388
         6.02330198   -31.84681792    48.31982722   -27.28017278     6.64681792
        -1.86295641     6.64681792   -27.28017278    48.31982722   -31.84681792
         0.81578606    -2.58649388     6.64681792   -31.84681792    73.01350612
        -0.26666667     0.81578606    -1.86295641     6.02330198   -46.04279830
 col          6
        -0.26666667
         0.81578606
        -1.86295641
         6.02330198
       -46.04279830
        41.33333333
unnormalized first derivative matrix for region = 7                             
 col          1              2              3              4              5
         0.25000000     0.33804720    -0.13453958     0.07482282    -0.04499711
        -0.33804720     0.00000000     0.47752692    -0.21815829     0.12367568
         0.13453958    -0.47752692     0.00000000     0.48632282    -0.21815829
        -0.07482282     0.21815829    -0.48632282     0.00000000     0.47752692
         0.04499711    -0.12367568     0.21815829    -0.47752692     0.00000000
        -0.01666667     0.04499711    -0.07482282     0.13453958    -0.33804720
 col          6
         0.01666667
        -0.04499711
         0.07482282
        -0.13453958
         0.33804720
        -0.25000000
potential matrix elements for region = 7                                        
 col          1
         0.00000000
         0.00000000
         0.00000000
         0.00000000
         0.00000000
         0.00000000
final nodes                                                                     
 col          1
     0.87500000E+00
     0.88968404E+00
     0.91967303E+00
     0.95532697E+00
     0.98531596E+00
     0.10000000E+01
final weights                                                                   
 col          1
     0.41666667E-02
     0.23654685E-01
     0.34678649E-01
     0.34678649E-01
     0.23654685E-01
     0.41666667E-02
coordinate function                                                             
 col          1              2              3              4              5
     0.10000000E+01 0.00000000E+00 0.00000000E+00 0.00000000E+00 0.00000000E+00
     0.00000000E+00 0.10000000E+01 0.00000000E+00 0.00000000E+00 0.00000000E+00
     0.00000000E+00 0.00000000E+00 0.10000000E+01 0.00000000E+00 0.00000000E+00
     0.00000000E+00 0.00000000E+00 0.00000000E+00 0.10000000E+01 0.00000000E+00
     0.00000000E+00 0.00000000E+00 0.00000000E+00 0.00000000E+00 0.10000000E+01
     0.00000000E+00 0.00000000E+00 0.00000000E+00 0.00000000E+00 0.00000000E+00
 col          6
     0.00000000E+00
     0.00000000E+00
     0.00000000E+00
     0.00000000E+00
     0.00000000E+00
     0.10000000E+01
first derivative of coordinate function                                         
 col          1              2              3              4              5
    -0.12000000E+03 0.16226265E+03-0.64578996E+02 0.35914954E+02-0.21598613E+02
    -0.28581839E+02 0.90594199E-13 0.40374828E+02-0.18445251E+02 0.10456760E+02
     0.77592168E+01-0.27540111E+02-0.14210855E-12 0.28047391E+02-0.12581707E+02
    -0.43152098E+01 0.12581707E+02-0.28047391E+02 0.14566126E-12 0.27540111E+02
     0.38044988E+01-0.10456760E+02 0.18445251E+02-0.40374828E+02-0.99475983E-13
    -0.80000000E+01 0.21598613E+02-0.35914954E+02 0.64578996E+02-0.16226265E+03
 col          6
     0.80000000E+01
    -0.38044988E+01
     0.43152098E+01
    -0.77592168E+01
     0.28581839E+02
     0.12000000E+03
second derivative of coordinate function                                        
 col          1              2              3              4              5
     0.89600000E+04-0.16842494E+05 0.12607774E+05-0.77253700E+04 0.47920898E+04
     0.38929116E+04-0.61732808E+04 0.26926436E+04-0.56198744E+03 0.21868766E+03
    -0.34737813E+03 0.18366816E+04-0.27867192E+04 0.15733123E+04-0.38333777E+03
     0.10744112E+03-0.38333777E+03 0.15733123E+04-0.27867192E+04 0.18366816E+04
    -0.68974588E+02 0.21868766E+03-0.56198744E+03 0.26926436E+04-0.61732808E+04
    -0.17920000E+04 0.47920898E+04-0.77253700E+04 0.12607774E+05-0.16842494E+05
