 mesa(1.2);5/30/91;unix.                                                        
     (c) 1990, the university of california.                                    
     P.W. Saxe, B.H. Lengsfield iii, R.L. Martin, M. Page and B. Schneider.     

     19-Jun-2006 15:54:36    
     National Science Foundation;Dual Core 64 Bit Opteron 2.4GHz(feynman);mesa       
 main files/memory:
     inp:   /home/mesa/mesa/bmesa/plygrd/dvr_f90/INP/inp.legendre                           
     out:   mesa.out                                                                        
     chk:   mesa.chk                             dat:    /home/mesa/mesa/mesa.dat        
     rwf:   tmp/mesa.rwf                         rint:   /home/mesa/mesa/run/tmp/rint    
     int:   tmp/mesa.int                         tint:   /home/mesa/mesa/run/tmp/tint    
     gint:  /home/mesa/mesa/run/tmp/gint         rdint:  /home/mesa/mesa/run/tmp/rdint   
     dint:  /home/mesa/mesa/run/tmp/dint         zint:   /home/mesa/mesa/run/tmp/zint    
     ham:   /home/mesa/mesa/run/tmp/ham          moden:  /home/mesa/mesa/run/tmp/moden   
     aoden: /home/mesa/mesa/run/tmp/aoden        saoden: /home/mesa/mesa/run/tmp/saoden  
     gden:  /home/mesa/mesa/run/tmp/gden         fci:    /home/mesa/mesa/run/tmp/fci     

     machine size:        200000000
 kohn and bec files:
     kohn:    /home/mesa/mesa/run/tmp/kohn         kohndt: /home/mesa/mesa/run/tmp/kohndt  
     grid:    /home/mesa/mesa/run/tmp/grid         orbs:   /home/mesa/mesa/run/tmp/orbs    
     vstat:   /home/mesa/mesa/run/tmp/vstat        ylms:   /home/mesa/mesa/run/tmp/ylms    
     bessel:  /home/mesa/mesa/run/tmp/bessel       knints: /home/mesa/mesa/run/tmp/knints  
     tmat:    /home/mesa/mesa/run/tmp/tmat         blktmat:/home/mesa/mesa/run/tmp/blktmt  
     optint:  /home/mesa/mesa/run/tmp/optint       atomci: /home/mesa/mesa/run/tmp/atomci  
     lamdat:  /home/mesa/mesa/run/tmp/lamdat       bec:    /home/mesa/mesa/run/tmp/bec     
     hconfig: /home/mesa/mesa/run/tmp/hconfig      rmtrx:  /home/mesa/mesa/run/tmp/rmtrx   
     user defined maxsiz: 200000000
 title:
     Testing DVRLIB  
 route:
     11//00;
     20//01;
 options:


                    One-Body DVR Basis Code. coord = x                       

                    coordinate = x                       

                    generating dvr representation in space

               polynomial order                       = 
                 20

 legendre m value =  0

      size of the physical basis set =    20

     Nphy =    20  Nglobal =    20
final nodes                                                                     
 col          1
    -0.99312860E+00
    -0.96397193E+00
    -0.91223443E+00
    -0.83911697E+00
    -0.74633191E+00
    -0.63605368E+00
    -0.51086700E+00
    -0.37370609E+00
    -0.22778585E+00
    -0.76526521E-01
     0.76526521E-01
     0.22778585E+00
     0.37370609E+00
     0.51086700E+00
     0.63605368E+00
     0.74633191E+00
     0.83911697E+00
     0.91223443E+00
     0.96397193E+00
     0.99312860E+00
final weights                                                                   
 col          1
     0.17614007E-01
     0.40601430E-01
     0.62672048E-01
     0.83276742E-01
     0.10193012E+00
     0.11819453E+00
     0.13168864E+00
     0.14209611E+00
     0.14917299E+00
     0.15275339E+00
     0.15275339E+00
     0.14917299E+00
     0.14209611E+00
     0.13168864E+00
     0.11819453E+00
     0.10193012E+00
     0.83276742E-01
     0.62672048E-01
     0.40601430E-01
     0.17614007E-01
coordinate function                                                             
 col          1              2              3              4              5
     0.10000000E+01 0.00000000E+00 0.00000000E+00 0.00000000E+00 0.00000000E+00
     0.00000000E+00 0.10000000E+01 0.00000000E+00 0.00000000E+00 0.00000000E+00
     0.00000000E+00 0.00000000E+00 0.10000000E+01 0.00000000E+00 0.00000000E+00
     0.00000000E+00 0.00000000E+00 0.00000000E+00 0.10000000E+01 0.00000000E+00
     0.00000000E+00 0.00000000E+00 0.00000000E+00 0.00000000E+00 0.10000000E+01
     0.00000000E+00 0.00000000E+00 0.00000000E+00 0.00000000E+00 0.00000000E+00
     0.00000000E+00 0.00000000E+00 0.00000000E+00 0.00000000E+00 0.00000000E+00
     0.00000000E+00 0.00000000E+00 0.00000000E+00 0.00000000E+00 0.00000000E+00
     0.00000000E+00 0.00000000E+00 0.00000000E+00 0.00000000E+00 0.00000000E+00
     0.00000000E+00 0.00000000E+00 0.00000000E+00 0.00000000E+00 0.00000000E+00
     0.00000000E+00 0.00000000E+00 0.00000000E+00 0.00000000E+00 0.00000000E+00
     0.00000000E+00 0.00000000E+00 0.00000000E+00 0.00000000E+00 0.00000000E+00
     0.00000000E+00 0.00000000E+00 0.00000000E+00 0.00000000E+00 0.00000000E+00
     0.00000000E+00 0.00000000E+00 0.00000000E+00 0.00000000E+00 0.00000000E+00
     0.00000000E+00 0.00000000E+00 0.00000000E+00 0.00000000E+00 0.00000000E+00
     0.00000000E+00 0.00000000E+00 0.00000000E+00 0.00000000E+00 0.00000000E+00
     0.00000000E+00 0.00000000E+00 0.00000000E+00 0.00000000E+00 0.00000000E+00
     0.00000000E+00 0.00000000E+00 0.00000000E+00 0.00000000E+00 0.00000000E+00
     0.00000000E+00 0.00000000E+00 0.00000000E+00 0.00000000E+00 0.00000000E+00
     0.00000000E+00 0.00000000E+00 0.00000000E+00 0.00000000E+00 0.00000000E+00
 col          6              7              8              9             10
     0.00000000E+00 0.00000000E+00 0.00000000E+00 0.00000000E+00 0.00000000E+00
     0.00000000E+00 0.00000000E+00 0.00000000E+00 0.00000000E+00 0.00000000E+00
     0.00000000E+00 0.00000000E+00 0.00000000E+00 0.00000000E+00 0.00000000E+00
     0.00000000E+00 0.00000000E+00 0.00000000E+00 0.00000000E+00 0.00000000E+00
     0.00000000E+00 0.00000000E+00 0.00000000E+00 0.00000000E+00 0.00000000E+00
     0.10000000E+01 0.00000000E+00 0.00000000E+00 0.00000000E+00 0.00000000E+00
     0.00000000E+00 0.10000000E+01 0.00000000E+00 0.00000000E+00 0.00000000E+00
     0.00000000E+00 0.00000000E+00 0.10000000E+01 0.00000000E+00 0.00000000E+00
     0.00000000E+00 0.00000000E+00 0.00000000E+00 0.10000000E+01 0.00000000E+00
     0.00000000E+00 0.00000000E+00 0.00000000E+00 0.00000000E+00 0.10000000E+01
     0.00000000E+00 0.00000000E+00 0.00000000E+00 0.00000000E+00 0.00000000E+00
     0.00000000E+00 0.00000000E+00 0.00000000E+00 0.00000000E+00 0.00000000E+00
     0.00000000E+00 0.00000000E+00 0.00000000E+00 0.00000000E+00 0.00000000E+00
     0.00000000E+00 0.00000000E+00 0.00000000E+00 0.00000000E+00 0.00000000E+00
     0.00000000E+00 0.00000000E+00 0.00000000E+00 0.00000000E+00 0.00000000E+00
     0.00000000E+00 0.00000000E+00 0.00000000E+00 0.00000000E+00 0.00000000E+00
     0.00000000E+00 0.00000000E+00 0.00000000E+00 0.00000000E+00 0.00000000E+00
     0.00000000E+00 0.00000000E+00 0.00000000E+00 0.00000000E+00 0.00000000E+00
     0.00000000E+00 0.00000000E+00 0.00000000E+00 0.00000000E+00 0.00000000E+00
     0.00000000E+00 0.00000000E+00 0.00000000E+00 0.00000000E+00 0.00000000E+00
 col         11             12             13             14             15
     0.00000000E+00 0.00000000E+00 0.00000000E+00 0.00000000E+00 0.00000000E+00
     0.00000000E+00 0.00000000E+00 0.00000000E+00 0.00000000E+00 0.00000000E+00
     0.00000000E+00 0.00000000E+00 0.00000000E+00 0.00000000E+00 0.00000000E+00
     0.00000000E+00 0.00000000E+00 0.00000000E+00 0.00000000E+00 0.00000000E+00
     0.00000000E+00 0.00000000E+00 0.00000000E+00 0.00000000E+00 0.00000000E+00
     0.00000000E+00 0.00000000E+00 0.00000000E+00 0.00000000E+00 0.00000000E+00
     0.00000000E+00 0.00000000E+00 0.00000000E+00 0.00000000E+00 0.00000000E+00
     0.00000000E+00 0.00000000E+00 0.00000000E+00 0.00000000E+00 0.00000000E+00
     0.00000000E+00 0.00000000E+00 0.00000000E+00 0.00000000E+00 0.00000000E+00
     0.00000000E+00 0.00000000E+00 0.00000000E+00 0.00000000E+00 0.00000000E+00
     0.10000000E+01 0.00000000E+00 0.00000000E+00 0.00000000E+00 0.00000000E+00
     0.00000000E+00 0.10000000E+01 0.00000000E+00 0.00000000E+00 0.00000000E+00
     0.00000000E+00 0.00000000E+00 0.10000000E+01 0.00000000E+00 0.00000000E+00
     0.00000000E+00 0.00000000E+00 0.00000000E+00 0.10000000E+01 0.00000000E+00
     0.00000000E+00 0.00000000E+00 0.00000000E+00 0.00000000E+00 0.10000000E+01
     0.00000000E+00 0.00000000E+00 0.00000000E+00 0.00000000E+00 0.00000000E+00
     0.00000000E+00 0.00000000E+00 0.00000000E+00 0.00000000E+00 0.00000000E+00
     0.00000000E+00 0.00000000E+00 0.00000000E+00 0.00000000E+00 0.00000000E+00
     0.00000000E+00 0.00000000E+00 0.00000000E+00 0.00000000E+00 0.00000000E+00
     0.00000000E+00 0.00000000E+00 0.00000000E+00 0.00000000E+00 0.00000000E+00
 col         16             17             18             19             20
     0.00000000E+00 0.00000000E+00 0.00000000E+00 0.00000000E+00 0.00000000E+00
     0.00000000E+00 0.00000000E+00 0.00000000E+00 0.00000000E+00 0.00000000E+00
     0.00000000E+00 0.00000000E+00 0.00000000E+00 0.00000000E+00 0.00000000E+00
     0.00000000E+00 0.00000000E+00 0.00000000E+00 0.00000000E+00 0.00000000E+00
     0.00000000E+00 0.00000000E+00 0.00000000E+00 0.00000000E+00 0.00000000E+00
     0.00000000E+00 0.00000000E+00 0.00000000E+00 0.00000000E+00 0.00000000E+00
     0.00000000E+00 0.00000000E+00 0.00000000E+00 0.00000000E+00 0.00000000E+00
     0.00000000E+00 0.00000000E+00 0.00000000E+00 0.00000000E+00 0.00000000E+00
     0.00000000E+00 0.00000000E+00 0.00000000E+00 0.00000000E+00 0.00000000E+00
     0.00000000E+00 0.00000000E+00 0.00000000E+00 0.00000000E+00 0.00000000E+00
     0.00000000E+00 0.00000000E+00 0.00000000E+00 0.00000000E+00 0.00000000E+00
     0.00000000E+00 0.00000000E+00 0.00000000E+00 0.00000000E+00 0.00000000E+00
     0.00000000E+00 0.00000000E+00 0.00000000E+00 0.00000000E+00 0.00000000E+00
     0.00000000E+00 0.00000000E+00 0.00000000E+00 0.00000000E+00 0.00000000E+00
     0.00000000E+00 0.00000000E+00 0.00000000E+00 0.00000000E+00 0.00000000E+00
     0.10000000E+01 0.00000000E+00 0.00000000E+00 0.00000000E+00 0.00000000E+00
     0.00000000E+00 0.10000000E+01 0.00000000E+00 0.00000000E+00 0.00000000E+00
     0.00000000E+00 0.00000000E+00 0.10000000E+01 0.00000000E+00 0.00000000E+00
     0.00000000E+00 0.00000000E+00 0.00000000E+00 0.10000000E+01 0.00000000E+00
     0.00000000E+00 0.00000000E+00 0.00000000E+00 0.00000000E+00 0.10000000E+01
first derivative of coordinate function                                         
 col          1              2              3              4              5
    -0.72514505E+02 0.11835905E+03-0.81626841E+02 0.65621894E+02-0.55435614E+02
    -0.99385407E+01-0.13623481E+02 0.36983274E+02-0.23456167E+02 0.18215874E+02
     0.18721151E+01-0.10101451E+02-0.54355205E+01 0.20932976E+02-0.12488923E+02
    -0.64245723E+00 0.27348366E+01-0.89356649E+01-0.28359784E+01 0.14589750E+02
     0.29616414E+00-0.11589707E+01 0.29091695E+01-0.79615200E+01-0.16847652E+01
    -0.16396226E+00 0.61613673E+00-0.13997809E+01 0.29138964E+01-0.72634288E+01
     0.10323714E+00-0.37919210E+00 0.81908077E+00-0.15329084E+01 0.28928149E+01
    -0.71714224E-01 0.25970725E+00-0.54467061E+00 0.96462390E+00-0.16309759E+01
     0.53962012E-01-0.19359580E+00 0.39843135E+00-0.68276283E+00 0.10896448E+01
    -0.43482904E-01 0.15498768E+00-0.31491626E+00 0.52821446E+00-0.81410223E+00
     0.37261094E-01-0.13218963E+00 0.26616950E+00-0.43992155E+00 0.66267785E+00
    -0.33826641E-01 0.11959019E+00-0.23921133E+00 0.39122041E+00-0.58004387E+00
     0.32499471E-01-0.11459882E+00 0.22809808E+00-0.37016650E+00 0.54260992E+00
    -0.33103359E-01 0.11649666E+00-0.23101118E+00 0.37272823E+00-0.54180478E+00
     0.35936318E-01-0.12627453E+00 0.24969031E+00-0.40110979E+00 0.57943170E+00
    -0.42020114E-01 0.14748164E+00-0.29099744E+00 0.46593124E+00-0.66994322E+00
     0.54002523E-01-0.18937386E+00 0.37305654E+00-0.59586448E+00 0.85383448E+00
    -0.79482597E-01 0.27855349E+00-0.54810472E+00 0.87393424E+00-0.12492378E+01
     0.14806330E+00-0.51868730E+00 0.10198356E+01-0.16242232E+01 0.23180110E+01
    -0.50345947E+00 0.17633004E+01-0.34655525E+01 0.55159280E+01-0.78652698E+01
 col          6              7              8              9             10
     0.47834077E+02-0.41648435E+02 0.36342996E+02-0.31637337E+02 0.27372835E+02
    -0.15093562E+02 0.12845267E+02-0.11051485E+02 0.95307892E+01-0.81925583E+01
     0.93659779E+01-0.75786007E+01 0.63306592E+01-0.53575330E+01 0.45466957E+01
    -0.83226773E+01 0.60544459E+01-0.47859583E+01 0.39190168E+01-0.32554197E+01
     0.11320843E+02-0.62348640E+01 0.44157713E+01-0.34130320E+01 0.27379391E+01
    -0.10682155E+01 0.93934797E+01-0.50238178E+01 0.34722740E+01-0.26253227E+01
    -0.67929319E+01-0.69128105E+00 0.81713908E+01-0.42585679E+01 0.28760004E+01
     0.28920910E+01-0.65049399E+01-0.43436834E+00 0.73711060E+01-0.37503686E+01
    -0.17278088E+01 0.29303164E+01-0.63714208E+01-0.24025164E+00 0.68505044E+01
     0.12166760E+01-0.18431065E+01 0.30191740E+01-0.63801825E+01-0.76977324E-01
    -0.95534971E+00 0.13628611E+01-0.19928295E+01 0.31712879E+01-0.65336826E+01
     0.81659699E+00-0.11230138E+01 0.15456886E+01-0.21950441E+01 0.34050627E+01
    -0.75139962E+00 0.10086487E+01-0.13379498E+01 0.17882094E+01-0.24754603E+01
     0.74145022E+00-0.97872831E+00 0.12670467E+01-0.16320526E+01 0.21266210E+01
    -0.78609717E+00 0.10253007E+01-0.13052476E+01 0.16410661E+01-0.20614373E+01
     0.90310730E+00-0.11677481E+01 0.14690844E+01-0.18168381E+01 0.22286779E+01
    -0.11456507E+01 0.14721447E+01-0.18365722E+01 0.22455812E+01-0.27112648E+01
     0.16706857E+01-0.21374467E+01 0.26511641E+01-0.32165707E+01 0.38429001E+01
    -0.30933594E+01 0.39463658E+01-0.48765950E+01 0.58874668E+01-0.69874667E+01
     0.10484001E+02-0.13354720E+02 0.16469929E+02-0.19832189E+02 0.23456156E+02
 col         11             12             13             14             15
    -0.23456156E+02 0.19832189E+02-0.16469929E+02 0.13354720E+02-0.10484001E+02
     0.69874667E+01-0.58874668E+01 0.48765950E+01-0.39463658E+01 0.30933594E+01
    -0.38429001E+01 0.32165707E+01-0.26511641E+01 0.21374467E+01-0.16706857E+01
     0.27112648E+01-0.22455812E+01 0.18365722E+01-0.14721447E+01 0.11456507E+01
    -0.22286779E+01 0.18168381E+01-0.14690844E+01 0.11677481E+01-0.90310730E+00
     0.20614373E+01-0.16410661E+01 0.13052476E+01-0.10253007E+01 0.78609717E+00
    -0.21266210E+01 0.16320526E+01-0.12670467E+01 0.97872831E+00-0.74145022E+00
     0.24754603E+01-0.17882094E+01 0.13379498E+01-0.10086487E+01 0.75139962E+00
    -0.34050627E+01 0.21950441E+01-0.15456886E+01 0.11230138E+01-0.81659699E+00
     0.65336826E+01-0.31712879E+01 0.19928295E+01-0.13628611E+01 0.95534971E+00
     0.76977324E-01 0.63801825E+01-0.30191740E+01 0.18431065E+01-0.12166760E+01
    -0.68505044E+01 0.24025164E+00 0.63714208E+01-0.29303164E+01 0.17278088E+01
     0.37503686E+01-0.73711060E+01 0.43436834E+00 0.65049399E+01-0.28920910E+01
    -0.28760004E+01 0.42585679E+01-0.81713908E+01 0.69128105E+00 0.67929319E+01
     0.26253227E+01-0.34722740E+01 0.50238178E+01-0.93934797E+01 0.10682155E+01
    -0.27379391E+01 0.34130320E+01-0.44157713E+01 0.62348640E+01-0.11320843E+02
     0.32554197E+01-0.39190168E+01 0.47859583E+01-0.60544459E+01 0.83226773E+01
    -0.45466957E+01 0.53575330E+01-0.63306592E+01 0.75786007E+01-0.93659779E+01
     0.81925583E+01-0.95307892E+01 0.11051485E+02-0.12845267E+02 0.15093562E+02
    -0.27372835E+02 0.31637337E+02-0.36342996E+02 0.41648435E+02-0.47834077E+02
 col         16             17             18             19             20
     0.78652698E+01-0.55159280E+01 0.34655525E+01-0.17633004E+01 0.50345947E+00
    -0.23180110E+01 0.16242232E+01-0.10198356E+01 0.51868730E+00-0.14806330E+00
     0.12492378E+01-0.87393424E+00 0.54810472E+00-0.27855349E+00 0.79482597E-01
    -0.85383448E+00 0.59586448E+00-0.37305654E+00 0.18937386E+00-0.54002523E-01
     0.66994322E+00-0.46593124E+00 0.29099744E+00-0.14748164E+00 0.42020114E-01
    -0.57943170E+00 0.40110979E+00-0.24969031E+00 0.12627453E+00-0.35936318E-01
     0.54180478E+00-0.37272823E+00 0.23101118E+00-0.11649666E+00 0.33103359E-01
    -0.54260992E+00 0.37016650E+00-0.22809808E+00 0.11459882E+00-0.32499471E-01
     0.58004387E+00-0.39122041E+00 0.23921133E+00-0.11959019E+00 0.33826641E-01
    -0.66267785E+00 0.43992155E+00-0.26616950E+00 0.13218963E+00-0.37261094E-01
     0.81410223E+00-0.52821446E+00 0.31491626E+00-0.15498768E+00 0.43482904E-01
    -0.10896448E+01 0.68276283E+00-0.39843135E+00 0.19359580E+00-0.53962012E-01
     0.16309759E+01-0.96462390E+00 0.54467061E+00-0.25970725E+00 0.71714224E-01
    -0.28928149E+01 0.15329084E+01-0.81908077E+00 0.37919210E+00-0.10323714E+00
     0.72634288E+01-0.29138964E+01 0.13997809E+01-0.61613673E+00 0.16396226E+00
     0.16847652E+01 0.79615200E+01-0.29091695E+01 0.11589707E+01-0.29616414E+00
    -0.14589750E+02 0.28359784E+01 0.89356649E+01-0.27348366E+01 0.64245723E+00
     0.12488923E+02-0.20932976E+02 0.54355205E+01 0.10101451E+02-0.18721151E+01
    -0.18215874E+02 0.23456167E+02-0.36983274E+02 0.13623481E+02 0.99385407E+01
     0.55435614E+02-0.65621894E+02 0.81626841E+02-0.11835905E+03 0.72514505E+02
second derivative of coordinate function                                        
 col          1              2              3              4              5
     0.38486812E+04-0.90466647E+04 0.98201456E+04-0.86649102E+04 0.75905311E+04
     0.95252858E+03-0.14742184E+04 0.42196879E+03 0.26337462E+03-0.32893269E+03
    -0.66637379E+02 0.50030188E+03-0.75142698E+03 0.34502167E+03-0.14789768E+02
     0.11986960E+02-0.59320093E+02 0.29510217E+03-0.44945993E+03 0.23173245E+03
    -0.33979997E+01 0.14555533E+02-0.44873365E+02 0.19843868E+03-0.30696107E+03
     0.12686575E+01-0.50742016E+01 0.13127237E+02-0.34924729E+02 0.14724697E+03
    -0.57086925E+00 0.21980063E+01-0.52138811E+01 0.11459226E+02-0.28570588E+02
     0.29385266E+00-0.11055843E+01 0.24959867E+01-0.49832613E+01 0.10170849E+02
    -0.16694290E+00 0.61896600E+00-0.13556880E+01 0.25617621E+01-0.47262706E+01
     0.10157287E+00-0.37315056E+00 0.80213433E+00-0.14666373E+01 0.25561968E+01
    -0.63932842E-01 0.23373783E+00-0.49741197E+00 0.89317341E+00-0.15086505E+01
     0.39158163E-01-0.14323198E+00 0.30471970E+00-0.54539321E+00 0.91219821E+00
    -0.19320873E-01 0.71783716E-01-0.15659964E+00 0.28884406E+00-0.49752828E+00
    -0.17468967E-02 0.30850431E-02 0.52714669E-02-0.36876600E-01 0.11284496E+00
     0.32659693E-01-0.11193619E+00 0.21090887E+00-0.31312865E+00 0.39960897E+00
    -0.93274088E-01 0.32448136E+00-0.62962233E+00 0.98221004E+00-0.13597462E+01
     0.24735316E+00-0.86406541E+00 0.16899392E+01-0.26696087E+01 0.37658237E+01
    -0.78062817E+00 0.27312338E+01-0.53576314E+01 0.85025637E+01-0.12074109E+02
     0.38829663E+01-0.13594580E+02 0.26700297E+02-0.42453545E+02 0.60448115E+02
    -0.72509286E+02 0.25392775E+03-0.49896797E+03 0.79394863E+03-0.11316489E+04
 col          6              7              8              9             10
    -0.66694071E+04 0.58675099E+04-0.51534440E+04 0.45056567E+04-0.39101284E+04
     0.31919683E+03-0.29329564E+03 0.26367359E+03-0.23379271E+03 0.20475908E+03
    -0.33992942E+02 0.44623374E+02-0.45309895E+02 0.42586926E+02-0.38546251E+02
    -0.34765398E+02 0.25486839E+01 0.65791550E+01-0.94072367E+01 0.99268070E+01
     0.16716828E+03-0.31949341E+02 0.88217585E+01-0.16635381E+01-0.10502416E+01
    -0.23095942E+03 0.13000303E+03-0.27565903E+02 0.95915109E+01-0.37752551E+01
     0.11791649E+03-0.18726495E+03 0.10785297E+03-0.24199524E+02 0.92668195E+01
    -0.24560245E+02 0.10050230E+03-0.16144763E+03 0.94625698E+02-0.21981665E+02
     0.92943128E+01-0.22111040E+02 0.90388934E+02-0.14680456E+03 0.87287905E+02
    -0.45362566E+01 0.87706752E+01-0.20783669E+02 0.85343105E+02-0.14013832E+03
     0.25343010E+01-0.44305493E+01 0.85456388E+01-0.20354085E+02 0.84372126E+02
    -0.14982444E+01 0.25010961E+01-0.43968072E+01 0.85817117E+01-0.20742589E+02
     0.83550562E+00-0.14042821E+01 0.24178934E+01-0.43924300E+01 0.88458383E+01
    -0.26783973E+00 0.56266555E+00-0.11129935E+01 0.21625835E+01-0.43006876E+01
    -0.44354489E+00 0.40256515E+00-0.20330790E+00-0.29344518E+00 0.13817207E+01
     0.17364550E+01-0.20770644E+01 0.23268485E+01-0.23916684E+01 0.20926808E+01
    -0.49448362E+01 0.61689600E+01-0.73883676E+01 0.85273068E+01-0.94560799E+01
     0.16003986E+02-0.20232343E+02 0.24697606E+02-0.29324466E+02 0.34003162E+02
    -0.80418007E+02 0.10217489E+03-0.12558126E+03 0.15053527E+03-0.17695624E+03
     0.15076141E+04-0.19190629E+04 0.23645181E+04-0.28437554E+04 0.33579657E+04
 col         11             12             13             14             15
     0.33579657E+04-0.28437554E+04 0.23645181E+04-0.19190629E+04 0.15076141E+04
    -0.17695624E+03 0.15053527E+03-0.12558126E+03 0.10217489E+03-0.80418007E+02
     0.34003162E+02-0.29324466E+02 0.24697606E+02-0.20232343E+02 0.16003986E+02
    -0.94560799E+01 0.85273068E+01-0.73883676E+01 0.61689600E+01-0.49448362E+01
     0.20926808E+01-0.23916684E+01 0.23268485E+01-0.20770644E+01 0.17364550E+01
     0.13817207E+01-0.29344518E+00-0.20330790E+00 0.40256515E+00-0.44354489E+00
    -0.43006876E+01 0.21625835E+01-0.11129935E+01 0.56266555E+00-0.26783973E+00
     0.88458383E+01-0.43924300E+01 0.24178934E+01-0.14042821E+01 0.83550562E+00
    -0.20742589E+02 0.85817117E+01-0.43968072E+01 0.25010961E+01-0.14982444E+01
     0.84372126E+02-0.20354085E+02 0.85456388E+01-0.44305493E+01 0.25343010E+01
    -0.14013832E+03 0.85343105E+02-0.20783669E+02 0.87706752E+01-0.45362566E+01
     0.87287905E+02-0.14680456E+03 0.90388934E+02-0.22111040E+02 0.92943128E+01
    -0.21981665E+02 0.94625698E+02-0.16144763E+03 0.10050230E+03-0.24560245E+02
     0.92668195E+01-0.24199524E+02 0.10785297E+03-0.18726495E+03 0.11791649E+03
    -0.37752551E+01 0.95915109E+01-0.27565903E+02 0.13000303E+03-0.23095942E+03
    -0.10502416E+01-0.16635381E+01 0.88217585E+01-0.31949341E+02 0.16716828E+03
     0.99268070E+01-0.94072367E+01 0.65791550E+01 0.25486839E+01-0.34765398E+02
    -0.38546251E+02 0.42586926E+02-0.45309895E+02 0.44623374E+02-0.33992942E+02
     0.20475908E+03-0.23379271E+03 0.26367359E+03-0.29329564E+03 0.31919683E+03
    -0.39101284E+04 0.45056567E+04-0.51534440E+04 0.58675099E+04-0.66694071E+04
 col         16             17             18             19             20
    -0.11316489E+04 0.79394863E+03-0.49896797E+03 0.25392775E+03-0.72509286E+02
     0.60448115E+02-0.42453545E+02 0.26700297E+02-0.13594580E+02 0.38829663E+01
    -0.12074109E+02 0.85025637E+01-0.53576314E+01 0.27312338E+01-0.78062817E+00
     0.37658237E+01-0.26696087E+01 0.16899392E+01-0.86406541E+00 0.24735316E+00
    -0.13597462E+01 0.98221004E+00-0.62962233E+00 0.32448136E+00-0.93274088E-01
     0.39960897E+00-0.31312865E+00 0.21090887E+00-0.11193619E+00 0.32659693E-01
     0.11284496E+00-0.36876600E-01 0.52714669E-02 0.30850431E-02-0.17468967E-02
    -0.49752828E+00 0.28884406E+00-0.15659964E+00 0.71783716E-01-0.19320873E-01
     0.91219821E+00-0.54539321E+00 0.30471970E+00-0.14323198E+00 0.39158163E-01
    -0.15086505E+01 0.89317341E+00-0.49741197E+00 0.23373783E+00-0.63932842E-01
     0.25561968E+01-0.14666373E+01 0.80213433E+00-0.37315056E+00 0.10157287E+00
    -0.47262706E+01 0.25617621E+01-0.13556880E+01 0.61896600E+00-0.16694290E+00
     0.10170849E+02-0.49832613E+01 0.24959867E+01-0.11055843E+01 0.29385266E+00
    -0.28570588E+02 0.11459226E+02-0.52138811E+01 0.21980063E+01-0.57086925E+00
     0.14724697E+03-0.34924729E+02 0.13127237E+02-0.50742016E+01 0.12686575E+01
    -0.30696107E+03 0.19843868E+03-0.44873365E+02 0.14555533E+02-0.33979997E+01
     0.23173245E+03-0.44945993E+03 0.29510217E+03-0.59320093E+02 0.11986960E+02
    -0.14789768E+02 0.34502167E+03-0.75142698E+03 0.50030188E+03-0.66637379E+02
    -0.32893269E+03 0.26337462E+03 0.42196879E+03-0.14742184E+04 0.95252858E+03
     0.75905311E+04-0.86649102E+04 0.98201456E+04-0.90466647E+04 0.38486812E+04
unnormalized overlap matrix for sector = 1                                      
 col          1              2              3              4              5
         0.01761401     0.00000000     0.00000000     0.00000000     0.00000000
         0.00000000     0.04060143     0.00000000     0.00000000     0.00000000
         0.00000000     0.00000000     0.06267205     0.00000000     0.00000000
         0.00000000     0.00000000     0.00000000     0.08327674     0.00000000
         0.00000000     0.00000000     0.00000000     0.00000000     0.10193012
         0.00000000     0.00000000     0.00000000     0.00000000     0.00000000
         0.00000000     0.00000000     0.00000000     0.00000000     0.00000000
         0.00000000     0.00000000     0.00000000     0.00000000     0.00000000
         0.00000000     0.00000000     0.00000000     0.00000000     0.00000000
         0.00000000     0.00000000     0.00000000     0.00000000     0.00000000
         0.00000000     0.00000000     0.00000000     0.00000000     0.00000000
         0.00000000     0.00000000     0.00000000     0.00000000     0.00000000
         0.00000000     0.00000000     0.00000000     0.00000000     0.00000000
         0.00000000     0.00000000     0.00000000     0.00000000     0.00000000
         0.00000000     0.00000000     0.00000000     0.00000000     0.00000000
         0.00000000     0.00000000     0.00000000     0.00000000     0.00000000
         0.00000000     0.00000000     0.00000000     0.00000000     0.00000000
         0.00000000     0.00000000     0.00000000     0.00000000     0.00000000
         0.00000000     0.00000000     0.00000000     0.00000000     0.00000000
         0.00000000     0.00000000     0.00000000     0.00000000     0.00000000
 col          6              7              8              9             10
         0.00000000     0.00000000     0.00000000     0.00000000     0.00000000
         0.00000000     0.00000000     0.00000000     0.00000000     0.00000000
         0.00000000     0.00000000     0.00000000     0.00000000     0.00000000
         0.00000000     0.00000000     0.00000000     0.00000000     0.00000000
         0.00000000     0.00000000     0.00000000     0.00000000     0.00000000
         0.11819453     0.00000000     0.00000000     0.00000000     0.00000000
         0.00000000     0.13168864     0.00000000     0.00000000     0.00000000
         0.00000000     0.00000000     0.14209611     0.00000000     0.00000000
         0.00000000     0.00000000     0.00000000     0.14917299     0.00000000
         0.00000000     0.00000000     0.00000000     0.00000000     0.15275339
         0.00000000     0.00000000     0.00000000     0.00000000     0.00000000
         0.00000000     0.00000000     0.00000000     0.00000000     0.00000000
         0.00000000     0.00000000     0.00000000     0.00000000     0.00000000
         0.00000000     0.00000000     0.00000000     0.00000000     0.00000000
         0.00000000     0.00000000     0.00000000     0.00000000     0.00000000
         0.00000000     0.00000000     0.00000000     0.00000000     0.00000000
         0.00000000     0.00000000     0.00000000     0.00000000     0.00000000
         0.00000000     0.00000000     0.00000000     0.00000000     0.00000000
         0.00000000     0.00000000     0.00000000     0.00000000     0.00000000
         0.00000000     0.00000000     0.00000000     0.00000000     0.00000000
 col         11             12             13             14             15
         0.00000000     0.00000000     0.00000000     0.00000000     0.00000000
         0.00000000     0.00000000     0.00000000     0.00000000     0.00000000
         0.00000000     0.00000000     0.00000000     0.00000000     0.00000000
         0.00000000     0.00000000     0.00000000     0.00000000     0.00000000
         0.00000000     0.00000000     0.00000000     0.00000000     0.00000000
         0.00000000     0.00000000     0.00000000     0.00000000     0.00000000
         0.00000000     0.00000000     0.00000000     0.00000000     0.00000000
         0.00000000     0.00000000     0.00000000     0.00000000     0.00000000
         0.00000000     0.00000000     0.00000000     0.00000000     0.00000000
         0.00000000     0.00000000     0.00000000     0.00000000     0.00000000
         0.15275339     0.00000000     0.00000000     0.00000000     0.00000000
         0.00000000     0.14917299     0.00000000     0.00000000     0.00000000
         0.00000000     0.00000000     0.14209611     0.00000000     0.00000000
         0.00000000     0.00000000     0.00000000     0.13168864     0.00000000
         0.00000000     0.00000000     0.00000000     0.00000000     0.11819453
         0.00000000     0.00000000     0.00000000     0.00000000     0.00000000
         0.00000000     0.00000000     0.00000000     0.00000000     0.00000000
         0.00000000     0.00000000     0.00000000     0.00000000     0.00000000
         0.00000000     0.00000000     0.00000000     0.00000000     0.00000000
         0.00000000     0.00000000     0.00000000     0.00000000     0.00000000
 col         16             17             18             19             20
         0.00000000     0.00000000     0.00000000     0.00000000     0.00000000
         0.00000000     0.00000000     0.00000000     0.00000000     0.00000000
         0.00000000     0.00000000     0.00000000     0.00000000     0.00000000
         0.00000000     0.00000000     0.00000000     0.00000000     0.00000000
         0.00000000     0.00000000     0.00000000     0.00000000     0.00000000
         0.00000000     0.00000000     0.00000000     0.00000000     0.00000000
         0.00000000     0.00000000     0.00000000     0.00000000     0.00000000
         0.00000000     0.00000000     0.00000000     0.00000000     0.00000000
         0.00000000     0.00000000     0.00000000     0.00000000     0.00000000
         0.00000000     0.00000000     0.00000000     0.00000000     0.00000000
         0.00000000     0.00000000     0.00000000     0.00000000     0.00000000
         0.00000000     0.00000000     0.00000000     0.00000000     0.00000000
         0.00000000     0.00000000     0.00000000     0.00000000     0.00000000
         0.00000000     0.00000000     0.00000000     0.00000000     0.00000000
         0.00000000     0.00000000     0.00000000     0.00000000     0.00000000
         0.10193012     0.00000000     0.00000000     0.00000000     0.00000000
         0.00000000     0.08327674     0.00000000     0.00000000     0.00000000
         0.00000000     0.00000000     0.06267205     0.00000000     0.00000000
         0.00000000     0.00000000     0.00000000     0.04060143     0.00000000
         0.00000000     0.00000000     0.00000000     0.00000000     0.01761401
unnormalized kinetic energy matrix for region = 1                               
 col          1              2              3              4              5
        -1.60855542     1.95853934    -0.48683807     0.20557203    -0.10837230
         1.95853934    -5.30166289     4.10721611    -1.07944097     0.48090454
        -0.48683807     4.10721611    -8.52513380     6.02253183    -1.58358438
         0.20557203    -1.07944097     6.02253183   -11.47110924     7.74895391
        -0.10837230     0.48090454    -1.58358438     7.74895391   -14.11681915
         0.06463189    -0.26446840     0.71339314    -2.01978406     9.27073512
        -0.04166628     0.16288909    -0.39720628     0.90895632    -2.39125539
         0.02830756    -0.10757729     0.24729172    -0.50676391     1.07018484
        -0.01994402     0.07438560    -0.16466194     0.31591767    -0.59439917
         0.01440813    -0.05304269     0.11444863    -0.21037248     0.36914783
        -0.01057991     0.03858566    -0.08175927     0.14592135    -0.24459487
         0.00783708    -0.02838495     0.05935396    -0.10372351     0.16843407
        -0.00581359     0.02094656    -0.04336955     0.07462492    -0.11845112
         0.00428407    -0.01537448     0.03159575    -0.05373969     0.08388230
        -0.00310475     0.01110839    -0.02269928     0.03827218    -0.05899773
         0.00218156    -0.00778735     0.01584461    -0.02653962     0.04053229
        -0.00145246     0.00517578    -0.01049723     0.01749719    -0.02653962
         0.00087753    -0.00312318     0.00631970    -0.01049723     0.01584461
        -0.00043469     0.00154582    -0.00312318     0.00517578    -0.00778735
         0.00012229    -0.00043469     0.00087753    -0.00145246     0.00218156
 col          6              7              8              9             10
         0.06463189    -0.04166628     0.02830756    -0.01994402     0.01440813
        -0.26446840     0.16288909    -0.10757729     0.07438560    -0.05304269
         0.71339314    -0.39720628     0.24729172    -0.16466194     0.11444863
        -2.01978406     0.90895632    -0.50676391     0.31591767    -0.21037248
         9.27073512    -2.39125539     1.07018484    -0.59439917     0.36914783
       -16.41490053    10.56162264    -2.69537418     1.19710182    -0.66042543
        10.56162264   -18.31761283    11.59570378    -2.92808800     1.28881368
        -2.69537418    11.59570378   -19.78334729    12.35097723    -3.08559703
         1.19710182    -2.92808800    12.35097723   -20.77932703    12.81093824
        -0.66042543     1.28881368    -3.08559703    12.81093824   -21.28303871
         0.40719143    -0.70468081     1.34432169    -3.16509000    12.96540456
        -0.26739622     0.43005626    -0.72689679     1.36290969    -3.16509000
         0.18194373    -0.27879848     0.43768721    -0.72689679     1.34432169
        -0.12582882     0.18644717    -0.27879848     0.43005626    -0.70468081
         0.08697906    -0.12582882     0.18194373    -0.26739622     0.40719143
        -0.05899773     0.08388230    -0.11845112     0.16843407    -0.24459487
         0.03827218    -0.05373969     0.07462492    -0.10372351     0.14592135
        -0.02269928     0.03159575    -0.04336955     0.05935396    -0.08175927
         0.01110839    -0.01537448     0.02094656    -0.02838495     0.03858566
        -0.00310475     0.00428407    -0.00581359     0.00783708    -0.01057991
 col         11             12             13             14             15
        -0.01057991     0.00783708    -0.00581359     0.00428407    -0.00310475
         0.03858566    -0.02838495     0.02094656    -0.01537448     0.01110839
        -0.08175927     0.05935396    -0.04336955     0.03159575    -0.02269928
         0.14592135    -0.10372351     0.07462492    -0.05373969     0.03827218
        -0.24459487     0.16843407    -0.11845112     0.08388230    -0.05899773
         0.40719143    -0.26739622     0.18194373    -0.12582882     0.08697906
        -0.70468081     0.43005626    -0.27879848     0.18644717    -0.12582882
         1.34432169    -0.72689679     0.43768721    -0.27879848     0.18194373
        -3.16509000     1.36290969    -0.72689679     0.43005626    -0.26739622
        12.96540456    -3.16509000     1.34432169    -0.70468081     0.40719143
       -21.28303871    12.81093824    -3.08559703     1.28881368    -0.66042543
        12.81093824   -20.77932703    12.35097723    -2.92808800     1.19710182
        -3.08559703    12.35097723   -19.78334729    11.59570378    -2.69537418
         1.28881368    -2.92808800    11.59570378   -18.31761283    10.56162264
        -0.66042543     1.19710182    -2.69537418    10.56162264   -16.41490053
         0.36914783    -0.59439917     1.07018484    -2.39125539     9.27073512
        -0.21037248     0.31591767    -0.50676391     0.90895632    -2.01978406
         0.11444863    -0.16466194     0.24729172    -0.39720628     0.71339314
        -0.05304269     0.07438560    -0.10757729     0.16288909    -0.26446840
         0.01440813    -0.01994402     0.02830756    -0.04166628     0.06463189
 col         16             17             18             19             20
         0.00218156    -0.00145246     0.00087753    -0.00043469     0.00012229
        -0.00778735     0.00517578    -0.00312318     0.00154582    -0.00043469
         0.01584461    -0.01049723     0.00631970    -0.00312318     0.00087753
        -0.02653962     0.01749719    -0.01049723     0.00517578    -0.00145246
         0.04053229    -0.02653962     0.01584461    -0.00778735     0.00218156
        -0.05899773     0.03827218    -0.02269928     0.01110839    -0.00310475
         0.08388230    -0.05373969     0.03159575    -0.01537448     0.00428407
        -0.11845112     0.07462492    -0.04336955     0.02094656    -0.00581359
         0.16843407    -0.10372351     0.05935396    -0.02838495     0.00783708
        -0.24459487     0.14592135    -0.08175927     0.03858566    -0.01057991
         0.36914783    -0.21037248     0.11444863    -0.05304269     0.01440813
        -0.59439917     0.31591767    -0.16466194     0.07438560    -0.01994402
         1.07018484    -0.50676391     0.24729172    -0.10757729     0.02830756
        -2.39125539     0.90895632    -0.39720628     0.16288909    -0.04166628
         9.27073512    -2.01978406     0.71339314    -0.26446840     0.06463189
       -14.11681915     7.74895391    -1.58358438     0.48090454    -0.10837230
         7.74895391   -11.47110924     6.02253183    -1.07944097     0.20557203
        -1.58358438     6.02253183    -8.52513380     4.10721611    -0.48683807
         0.48090454    -1.07944097     4.10721611    -5.30166289     1.95853934
        -0.10837230     0.20557203    -0.48683807     1.95853934    -1.60855542
unnormalized kinetic energy matrix for region = 1                               
 col          1              2              3              4              5
        -1.60855542     1.95853934    -0.48683807     0.20557203    -0.10837230
         1.95853934    -5.30166289     4.10721611    -1.07944097     0.48090454
        -0.48683807     4.10721611    -8.52513380     6.02253183    -1.58358438
         0.20557203    -1.07944097     6.02253183   -11.47110924     7.74895391
        -0.10837230     0.48090454    -1.58358438     7.74895391   -14.11681915
         0.06463189    -0.26446840     0.71339314    -2.01978406     9.27073512
        -0.04166628     0.16288909    -0.39720628     0.90895632    -2.39125539
         0.02830756    -0.10757729     0.24729172    -0.50676391     1.07018484
        -0.01994402     0.07438560    -0.16466194     0.31591767    -0.59439917
         0.01440813    -0.05304269     0.11444863    -0.21037248     0.36914783
        -0.01057991     0.03858566    -0.08175927     0.14592135    -0.24459487
         0.00783708    -0.02838495     0.05935396    -0.10372351     0.16843407
        -0.00581359     0.02094656    -0.04336955     0.07462492    -0.11845112
         0.00428407    -0.01537448     0.03159575    -0.05373969     0.08388230
        -0.00310475     0.01110839    -0.02269928     0.03827218    -0.05899773
         0.00218156    -0.00778735     0.01584461    -0.02653962     0.04053229
        -0.00145246     0.00517578    -0.01049723     0.01749719    -0.02653962
         0.00087753    -0.00312318     0.00631970    -0.01049723     0.01584461
        -0.00043469     0.00154582    -0.00312318     0.00517578    -0.00778735
         0.00012229    -0.00043469     0.00087753    -0.00145246     0.00218156
 col          6              7              8              9             10
         0.06463189    -0.04166628     0.02830756    -0.01994402     0.01440813
        -0.26446840     0.16288909    -0.10757729     0.07438560    -0.05304269
         0.71339314    -0.39720628     0.24729172    -0.16466194     0.11444863
        -2.01978406     0.90895632    -0.50676391     0.31591767    -0.21037248
         9.27073512    -2.39125539     1.07018484    -0.59439917     0.36914783
       -16.41490053    10.56162264    -2.69537418     1.19710182    -0.66042543
        10.56162264   -18.31761283    11.59570378    -2.92808800     1.28881368
        -2.69537418    11.59570378   -19.78334729    12.35097723    -3.08559703
