
                    One-Body DVR Basis Code. coord = x                       

                    coordinate = x                       

                    generating dvr representation in space

 number of fixed points = 2

               left point fixed    = T
               left point dropped  = T
               right point fixed   = T
               right point dropped = T

 point generation automated

 block =   1
               polynomial order     =    5
               number of subregions =   10
               left hand boundary   =  0.00000000E+00
               right hand boundary  =  0.10000000E+01

      size of the physical basis set =    49

     Nphy =    49  Nglobal =    51
final nodes                                                                     
 col          1
     0.13877788E-16
     0.11747234E-01
     0.35738424E-01
     0.64261576E-01
     0.88252766E-01
     0.10000000E+00
final weights                                                                   
 col          1
     0.33333333E-02
     0.18923748E-01
     0.27742919E-01
     0.27742919E-01
     0.18923748E-01
     0.33333333E-02
coordinate function                                                             
 col          1              2              3              4              5
     0.10000000E+01 0.00000000E+00 0.00000000E+00 0.00000000E+00 0.00000000E+00
     0.00000000E+00 0.10000000E+01 0.00000000E+00 0.00000000E+00 0.00000000E+00
     0.00000000E+00 0.00000000E+00 0.10000000E+01 0.00000000E+00 0.00000000E+00
     0.00000000E+00 0.00000000E+00 0.00000000E+00 0.10000000E+01 0.00000000E+00
     0.00000000E+00 0.00000000E+00 0.00000000E+00 0.00000000E+00 0.10000000E+01
     0.00000000E+00 0.00000000E+00 0.00000000E+00 0.00000000E+00 0.00000000E+00
 col          6
     0.00000000E+00
     0.00000000E+00
     0.00000000E+00
     0.00000000E+00
     0.00000000E+00
     0.10000000E+01
first derivative of coordinate function                                         
 col          1              2              3              4              5
    -0.15000000E+03 0.20282832E+03-0.80723745E+02 0.44893693E+02-0.26998266E+02
    -0.35727299E+02 0.51514348E-13 0.50468536E+02-0.23056563E+02 0.13070950E+02
     0.96990210E+01-0.34425139E+02 0.47961635E-13 0.35059239E+02-0.15727133E+02
    -0.53940122E+01 0.15727133E+02-0.35059239E+02 0.56843419E-13 0.34425139E+02
     0.47556236E+01-0.13070950E+02 0.23056563E+02-0.50468536E+02-0.22737368E-12
    -0.10000000E+02 0.26998266E+02-0.44893693E+02 0.80723745E+02-0.20282832E+03
 col          6
     0.10000000E+02
    -0.47556236E+01
     0.53940122E+01
    -0.96990210E+01
     0.35727299E+02
     0.15000000E+03
second derivative of coordinate function                                        
 col          1              2              3              4              5
     0.14000000E+05-0.26316397E+05 0.19699647E+05-0.12070891E+05 0.74876403E+04
     0.60826744E+04-0.96457513E+04 0.42072556E+04-0.87810538E+03 0.34169948E+03
    -0.54277832E+03 0.28698150E+04-0.43542487E+04 0.24583005E+04-0.59896527E+03
     0.16787675E+03-0.59896527E+03 0.24583005E+04-0.43542487E+04 0.28698150E+04
    -0.10777279E+03 0.34169948E+03-0.87810538E+03 0.42072556E+04-0.96457513E+04
    -0.28000000E+04 0.74876403E+04-0.12070891E+05 0.19699647E+05-0.26316397E+05
 col          6
    -0.28000000E+04
    -0.10777279E+03
     0.16787675E+03
    -0.54277832E+03
     0.60826744E+04
     0.14000000E+05
unnormalized overlap matrix for sector = 1                                      
 col          1              2              3              4              5
         0.00333333     0.00000000     0.00000000     0.00000000     0.00000000
         0.00000000     0.01892375     0.00000000     0.00000000     0.00000000
         0.00000000     0.00000000     0.02774292     0.00000000     0.00000000
         0.00000000     0.00000000     0.00000000     0.02774292     0.00000000
         0.00000000     0.00000000     0.00000000     0.00000000     0.01892375
         0.00000000     0.00000000     0.00000000     0.00000000     0.00000000
 col          6
         0.00000000
         0.00000000
         0.00000000
         0.00000000
         0.00000000
         0.00333333
unnormalized kinetic energy matrix for region = 1                               
 col          1              2              3              4              5
        51.66666667   -57.55349788     7.52912747    -2.32869551     1.01973258
       -57.55349788    91.26688265   -39.80852240     8.30852240    -3.23311735
         7.52912747   -39.80852240    60.39978402   -34.10021598     8.30852240
        -2.32869551     8.30852240   -34.10021598    60.39978402   -39.80852240
         1.01973258    -3.23311735     8.30852240   -39.80852240    91.26688265
        -0.33333333     1.01973258    -2.32869551     7.52912747   -57.55349788
 col          6
        -0.33333333
         1.01973258
        -2.32869551
         7.52912747
       -57.55349788
        51.66666667
unnormalized first derivative matrix for region = 1                             
 col          1              2              3              4              5
         0.25000000     0.33804720    -0.13453958     0.07482282    -0.04499711
        -0.33804720     0.00000000     0.47752692    -0.21815829     0.12367568
         0.13453958    -0.47752692     0.00000000     0.48632282    -0.21815829
        -0.07482282     0.21815829    -0.48632282     0.00000000     0.47752692
         0.04499711    -0.12367568     0.21815829    -0.47752692     0.00000000
        -0.01666667     0.04499711    -0.07482282     0.13453958    -0.33804720
 col          6
         0.01666667
        -0.04499711
         0.07482282
        -0.13453958
         0.33804720
        -0.25000000

 potential type = well                            
 angular momentum =   0
potential matrix elements for region = 1                                        
 col          1
        -1.00000000
        -1.00000000
        -1.00000000
        -1.00000000
        -1.00000000
        -1.00000000
final nodes                                                                     
 col          1
     0.10000000E+00
     0.11174723E+00
     0.13573842E+00
     0.16426158E+00
     0.18825277E+00
     0.20000000E+00
final weights                                                                   
 col          1
     0.33333333E-02
     0.18923748E-01
     0.27742919E-01
     0.27742919E-01
     0.18923748E-01
     0.33333333E-02
coordinate function                                                             
 col          1              2              3              4              5
     0.10000000E+01 0.00000000E+00 0.00000000E+00 0.00000000E+00 0.00000000E+00
     0.00000000E+00 0.10000000E+01 0.00000000E+00 0.00000000E+00 0.00000000E+00
     0.00000000E+00 0.00000000E+00 0.10000000E+01 0.00000000E+00 0.00000000E+00
     0.00000000E+00 0.00000000E+00 0.00000000E+00 0.10000000E+01 0.00000000E+00
     0.00000000E+00 0.00000000E+00 0.00000000E+00 0.00000000E+00 0.10000000E+01
     0.00000000E+00 0.00000000E+00 0.00000000E+00 0.00000000E+00 0.00000000E+00
 col          6
     0.00000000E+00
     0.00000000E+00
     0.00000000E+00
     0.00000000E+00
     0.00000000E+00
     0.10000000E+01
first derivative of coordinate function                                         
 col          1              2              3              4              5
    -0.15000000E+03 0.20282832E+03-0.80723745E+02 0.44893693E+02-0.26998266E+02
    -0.35727299E+02 0.69277917E-13 0.50468536E+02-0.23056563E+02 0.13070950E+02
     0.96990210E+01-0.34425139E+02 0.23092639E-13 0.35059239E+02-0.15727133E+02
    -0.53940122E+01 0.15727133E+02-0.35059239E+02-0.10658141E-13 0.34425139E+02
     0.47556236E+01-0.13070950E+02 0.23056563E+02-0.50468536E+02-0.19895197E-12
    -0.10000000E+02 0.26998266E+02-0.44893693E+02 0.80723745E+02-0.20282832E+03
 col          6
     0.10000000E+02
    -0.47556236E+01
     0.53940122E+01
    -0.96990210E+01
     0.35727299E+02
     0.15000000E+03
second derivative of coordinate function                                        
 col          1              2              3              4              5
     0.14000000E+05-0.26316397E+05 0.19699647E+05-0.12070891E+05 0.74876403E+04
     0.60826744E+04-0.96457513E+04 0.42072556E+04-0.87810538E+03 0.34169948E+03
    -0.54277832E+03 0.28698150E+04-0.43542487E+04 0.24583005E+04-0.59896527E+03
     0.16787675E+03-0.59896527E+03 0.24583005E+04-0.43542487E+04 0.28698150E+04
    -0.10777279E+03 0.34169948E+03-0.87810538E+03 0.42072556E+04-0.96457513E+04
    -0.28000000E+04 0.74876403E+04-0.12070891E+05 0.19699647E+05-0.26316397E+05
 col          6
    -0.28000000E+04
    -0.10777279E+03
     0.16787675E+03
    -0.54277832E+03
     0.60826744E+04
     0.14000000E+05
unnormalized overlap matrix for sector = 2                                      
 col          1              2              3              4              5
         0.00333333     0.00000000     0.00000000     0.00000000     0.00000000
         0.00000000     0.01892375     0.00000000     0.00000000     0.00000000
         0.00000000     0.00000000     0.02774292     0.00000000     0.00000000
         0.00000000     0.00000000     0.00000000     0.02774292     0.00000000
         0.00000000     0.00000000     0.00000000     0.00000000     0.01892375
         0.00000000     0.00000000     0.00000000     0.00000000     0.00000000
 col          6
         0.00000000
         0.00000000
         0.00000000
         0.00000000
         0.00000000
         0.00333333
unnormalized kinetic energy matrix for region = 2                               
 col          1              2              3              4              5
        51.66666667   -57.55349788     7.52912747    -2.32869551     1.01973258
       -57.55349788    91.26688265   -39.80852240     8.30852240    -3.23311735
         7.52912747   -39.80852240    60.39978402   -34.10021598     8.30852240
        -2.32869551     8.30852240   -34.10021598    60.39978402   -39.80852240
         1.01973258    -3.23311735     8.30852240   -39.80852240    91.26688265
        -0.33333333     1.01973258    -2.32869551     7.52912747   -57.55349788
 col          6
        -0.33333333
         1.01973258
        -2.32869551
         7.52912747
       -57.55349788
        51.66666667
unnormalized first derivative matrix for region = 2                             
 col          1              2              3              4              5
         0.25000000     0.33804720    -0.13453958     0.07482282    -0.04499711
        -0.33804720     0.00000000     0.47752692    -0.21815829     0.12367568
         0.13453958    -0.47752692     0.00000000     0.48632282    -0.21815829
        -0.07482282     0.21815829    -0.48632282     0.00000000     0.47752692
         0.04499711    -0.12367568     0.21815829    -0.47752692     0.00000000
        -0.01666667     0.04499711    -0.07482282     0.13453958    -0.33804720
 col          6
         0.01666667
        -0.04499711
         0.07482282
        -0.13453958
         0.33804720
        -0.25000000

 potential type = well                            
 angular momentum =   0
potential matrix elements for region = 2                                        
 col          1
        -1.00000000
        -1.00000000
        -1.00000000
        -1.00000000
        -1.00000000
        -1.00000000
final nodes                                                                     
 col          1
     0.20000000E+00
     0.21174723E+00
     0.23573842E+00
     0.26426158E+00
     0.28825277E+00
     0.30000000E+00
final weights                                                                   
 col          1
     0.33333333E-02
     0.18923748E-01
     0.27742919E-01
     0.27742919E-01
     0.18923748E-01
     0.33333333E-02
coordinate function                                                             
 col          1              2              3              4              5
     0.10000000E+01 0.00000000E+00 0.00000000E+00 0.00000000E+00 0.00000000E+00
     0.00000000E+00 0.10000000E+01 0.00000000E+00 0.00000000E+00 0.00000000E+00
     0.00000000E+00 0.00000000E+00 0.10000000E+01 0.00000000E+00 0.00000000E+00
     0.00000000E+00 0.00000000E+00 0.00000000E+00 0.10000000E+01 0.00000000E+00
     0.00000000E+00 0.00000000E+00 0.00000000E+00 0.00000000E+00 0.10000000E+01
     0.00000000E+00 0.00000000E+00 0.00000000E+00 0.00000000E+00 0.00000000E+00
 col          6
     0.00000000E+00
     0.00000000E+00
     0.00000000E+00
     0.00000000E+00
     0.00000000E+00
     0.10000000E+01
first derivative of coordinate function                                         
 col          1              2              3              4              5
    -0.15000000E+03 0.20282832E+03-0.80723745E+02 0.44893693E+02-0.26998266E+02
    -0.35727299E+02 0.20250468E-12 0.50468536E+02-0.23056563E+02 0.13070950E+02
     0.96990210E+01-0.34425139E+02 0.19539925E-13 0.35059239E+02-0.15727133E+02
    -0.53940122E+01 0.15727133E+02-0.35059239E+02 0.39079850E-13 0.34425139E+02
     0.47556236E+01-0.13070950E+02 0.23056563E+02-0.50468536E+02-0.45474735E-12
    -0.10000000E+02 0.26998266E+02-0.44893693E+02 0.80723745E+02-0.20282832E+03
 col          6
     0.10000000E+02
    -0.47556236E+01
     0.53940122E+01
    -0.96990210E+01
     0.35727299E+02
     0.15000000E+03
second derivative of coordinate function                                        
 col          1              2              3              4              5
     0.14000000E+05-0.26316397E+05 0.19699647E+05-0.12070891E+05 0.74876403E+04
     0.60826744E+04-0.96457513E+04 0.42072556E+04-0.87810538E+03 0.34169948E+03
    -0.54277832E+03 0.28698150E+04-0.43542487E+04 0.24583005E+04-0.59896527E+03
     0.16787675E+03-0.59896527E+03 0.24583005E+04-0.43542487E+04 0.28698150E+04
    -0.10777279E+03 0.34169948E+03-0.87810538E+03 0.42072556E+04-0.96457513E+04
    -0.28000000E+04 0.74876403E+04-0.12070891E+05 0.19699647E+05-0.26316397E+05
 col          6
    -0.28000000E+04
    -0.10777279E+03
     0.16787675E+03
    -0.54277832E+03
     0.60826744E+04
     0.14000000E+05
unnormalized overlap matrix for sector = 3                                      
 col          1              2              3              4              5
         0.00333333     0.00000000     0.00000000     0.00000000     0.00000000
         0.00000000     0.01892375     0.00000000     0.00000000     0.00000000
         0.00000000     0.00000000     0.02774292     0.00000000     0.00000000
         0.00000000     0.00000000     0.00000000     0.02774292     0.00000000
         0.00000000     0.00000000     0.00000000     0.00000000     0.01892375
         0.00000000     0.00000000     0.00000000     0.00000000     0.00000000
 col          6
         0.00000000
         0.00000000
         0.00000000
         0.00000000
         0.00000000
         0.00333333
unnormalized kinetic energy matrix for region = 3                               
 col          1              2              3              4              5
        51.66666667   -57.55349788     7.52912747    -2.32869551     1.01973258
       -57.55349788    91.26688265   -39.80852240     8.30852240    -3.23311735
         7.52912747   -39.80852240    60.39978402   -34.10021598     8.30852240
        -2.32869551     8.30852240   -34.10021598    60.39978402   -39.80852240
         1.01973258    -3.23311735     8.30852240   -39.80852240    91.26688265
        -0.33333333     1.01973258    -2.32869551     7.52912747   -57.55349788
 col          6
        -0.33333333
         1.01973258
        -2.32869551
         7.52912747
       -57.55349788
        51.66666667
unnormalized first derivative matrix for region = 3                             
 col          1              2              3              4              5
         0.25000000     0.33804720    -0.13453958     0.07482282    -0.04499711
        -0.33804720     0.00000000     0.47752692    -0.21815829     0.12367568
         0.13453958    -0.47752692     0.00000000     0.48632282    -0.21815829
        -0.07482282     0.21815829    -0.48632282     0.00000000     0.47752692
         0.04499711    -0.12367568     0.21815829    -0.47752692     0.00000000
        -0.01666667     0.04499711    -0.07482282     0.13453958    -0.33804720
 col          6
         0.01666667
        -0.04499711
         0.07482282
        -0.13453958
         0.33804720
        -0.25000000

 potential type = well                            
 angular momentum =   0
potential matrix elements for region = 3                                        
 col          1
        -1.00000000
        -1.00000000
        -1.00000000
        -1.00000000
        -1.00000000
        -1.00000000
final nodes                                                                     
 col          1
     0.30000000E+00
     0.31174723E+00
     0.33573842E+00
     0.36426158E+00
     0.38825277E+00
     0.40000000E+00
final weights                                                                   
 col          1
     0.33333333E-02
     0.18923748E-01
     0.27742919E-01
     0.27742919E-01
     0.18923748E-01
     0.33333333E-02
coordinate function                                                             
 col          1              2              3              4              5
     0.10000000E+01 0.00000000E+00 0.00000000E+00 0.00000000E+00 0.00000000E+00
     0.00000000E+00 0.10000000E+01 0.00000000E+00 0.00000000E+00 0.00000000E+00
     0.00000000E+00 0.00000000E+00 0.10000000E+01 0.00000000E+00 0.00000000E+00
     0.00000000E+00 0.00000000E+00 0.00000000E+00 0.10000000E+01 0.00000000E+00
     0.00000000E+00 0.00000000E+00 0.00000000E+00 0.00000000E+00 0.10000000E+01
     0.00000000E+00 0.00000000E+00 0.00000000E+00 0.00000000E+00 0.00000000E+00
 col          6
     0.00000000E+00
     0.00000000E+00
     0.00000000E+00
     0.00000000E+00
     0.00000000E+00
     0.10000000E+01
first derivative of coordinate function                                         
 col          1              2              3              4              5
    -0.15000000E+03 0.20282832E+03-0.80723745E+02 0.44893693E+02-0.26998266E+02
    -0.35727299E+02-0.63948846E-13 0.50468536E+02-0.23056563E+02 0.13070950E+02
     0.96990210E+01-0.34425139E+02 0.44408921E-13 0.35059239E+02-0.15727133E+02
    -0.53940122E+01 0.15727133E+02-0.35059239E+02-0.39079850E-13 0.34425139E+02
     0.47556236E+01-0.13070950E+02 0.23056563E+02-0.50468536E+02 0.56843419E-13
    -0.10000000E+02 0.26998266E+02-0.44893693E+02 0.80723745E+02-0.20282832E+03
 col          6
     0.10000000E+02
    -0.47556236E+01
     0.53940122E+01
    -0.96990210E+01
     0.35727299E+02
     0.15000000E+03
second derivative of coordinate function                                        
 col          1              2              3              4              5
     0.14000000E+05-0.26316397E+05 0.19699647E+05-0.12070891E+05 0.74876403E+04
     0.60826744E+04-0.96457513E+04 0.42072556E+04-0.87810538E+03 0.34169948E+03
    -0.54277832E+03 0.28698150E+04-0.43542487E+04 0.24583005E+04-0.59896527E+03
     0.16787675E+03-0.59896527E+03 0.24583005E+04-0.43542487E+04 0.28698150E+04
    -0.10777279E+03 0.34169948E+03-0.87810538E+03 0.42072556E+04-0.96457513E+04
    -0.28000000E+04 0.74876403E+04-0.12070891E+05 0.19699647E+05-0.26316397E+05
 col          6
    -0.28000000E+04
    -0.10777279E+03
     0.16787675E+03
    -0.54277832E+03
     0.60826744E+04
     0.14000000E+05
unnormalized overlap matrix for sector = 4                                      
 col          1              2              3              4              5
         0.00333333     0.00000000     0.00000000     0.00000000     0.00000000
         0.00000000     0.01892375     0.00000000     0.00000000     0.00000000
         0.00000000     0.00000000     0.02774292     0.00000000     0.00000000
         0.00000000     0.00000000     0.00000000     0.02774292     0.00000000
         0.00000000     0.00000000     0.00000000     0.00000000     0.01892375
         0.00000000     0.00000000     0.00000000     0.00000000     0.00000000
 col          6
         0.00000000
         0.00000000
         0.00000000
         0.00000000
         0.00000000
         0.00333333
unnormalized kinetic energy matrix for region = 4                               
 col          1              2              3              4              5
        51.66666667   -57.55349788     7.52912747    -2.32869551     1.01973258
       -57.55349788    91.26688265   -39.80852240     8.30852240    -3.23311735
         7.52912747   -39.80852240    60.39978402   -34.10021598     8.30852240
        -2.32869551     8.30852240   -34.10021598    60.39978402   -39.80852240
         1.01973258    -3.23311735     8.30852240   -39.80852240    91.26688265
        -0.33333333     1.01973258    -2.32869551     7.52912747   -57.55349788
 col          6
        -0.33333333
         1.01973258
        -2.32869551
         7.52912747
       -57.55349788
        51.66666667
unnormalized first derivative matrix for region = 4                             
 col          1              2              3              4              5
         0.25000000     0.33804720    -0.13453958     0.07482282    -0.04499711
        -0.33804720     0.00000000     0.47752692    -0.21815829     0.12367568
         0.13453958    -0.47752692     0.00000000     0.48632282    -0.21815829
        -0.07482282     0.21815829    -0.48632282     0.00000000     0.47752692
         0.04499711    -0.12367568     0.21815829    -0.47752692     0.00000000
        -0.01666667     0.04499711    -0.07482282     0.13453958    -0.33804720
 col          6
         0.01666667
        -0.04499711
         0.07482282
        -0.13453958
         0.33804720
        -0.25000000

 potential type = well                            
 angular momentum =   0
potential matrix elements for region = 4                                        
 col          1
        -1.00000000
        -1.00000000
        -1.00000000
        -1.00000000
        -1.00000000
        -1.00000000
final nodes                                                                     
 col          1
     0.40000000E+00
     0.41174723E+00
     0.43573842E+00
     0.46426158E+00
     0.48825277E+00
     0.50000000E+00
final weights                                                                   
 col          1
     0.33333333E-02
     0.18923748E-01
     0.27742919E-01
     0.27742919E-01
     0.18923748E-01
     0.33333333E-02
coordinate function                                                             
 col          1              2              3              4              5
     0.10000000E+01 0.00000000E+00 0.00000000E+00 0.00000000E+00 0.00000000E+00
     0.00000000E+00 0.10000000E+01 0.00000000E+00 0.00000000E+00 0.00000000E+00
     0.00000000E+00 0.00000000E+00 0.10000000E+01 0.00000000E+00 0.00000000E+00
     0.00000000E+00 0.00000000E+00 0.00000000E+00 0.10000000E+01 0.00000000E+00
     0.00000000E+00 0.00000000E+00 0.00000000E+00 0.00000000E+00 0.10000000E+01
     0.00000000E+00 0.00000000E+00 0.00000000E+00 0.00000000E+00 0.00000000E+00
 col          6
     0.00000000E+00
     0.00000000E+00
     0.00000000E+00
     0.00000000E+00
     0.00000000E+00
     0.10000000E+01
first derivative of coordinate function                                         
 col          1              2              3              4              5
    -0.15000000E+03 0.20282832E+03-0.80723745E+02 0.44893693E+02-0.26998266E+02
    -0.35727299E+02-0.63948846E-13 0.50468536E+02-0.23056563E+02 0.13070950E+02
     0.96990210E+01-0.34425139E+02 0.44408921E-13 0.35059239E+02-0.15727133E+02
    -0.53940122E+01 0.15727133E+02-0.35059239E+02-0.39079850E-13 0.34425139E+02
     0.47556236E+01-0.13070950E+02 0.23056563E+02-0.50468536E+02 0.56843419E-13
    -0.10000000E+02 0.26998266E+02-0.44893693E+02 0.80723745E+02-0.20282832E+03
 col          6
     0.10000000E+02
    -0.47556236E+01
     0.53940122E+01
    -0.96990210E+01
     0.35727299E+02
     0.15000000E+03
second derivative of coordinate function                                        
 col          1              2              3              4              5
     0.14000000E+05-0.26316397E+05 0.19699647E+05-0.12070891E+05 0.74876403E+04
     0.60826744E+04-0.96457513E+04 0.42072556E+04-0.87810538E+03 0.34169948E+03
    -0.54277832E+03 0.28698150E+04-0.43542487E+04 0.24583005E+04-0.59896527E+03
     0.16787675E+03-0.59896527E+03 0.24583005E+04-0.43542487E+04 0.28698150E+04
    -0.10777279E+03 0.34169948E+03-0.87810538E+03 0.42072556E+04-0.96457513E+04
    -0.28000000E+04 0.74876403E+04-0.12070891E+05 0.19699647E+05-0.26316397E+05
 col          6
    -0.28000000E+04
    -0.10777279E+03
     0.16787675E+03
    -0.54277832E+03
     0.60826744E+04
     0.14000000E+05
unnormalized overlap matrix for sector = 5                                      
 col          1              2              3              4              5
         0.00333333     0.00000000     0.00000000     0.00000000     0.00000000
         0.00000000     0.01892375     0.00000000     0.00000000     0.00000000
         0.00000000     0.00000000     0.02774292     0.00000000     0.00000000
         0.00000000     0.00000000     0.00000000     0.02774292     0.00000000
         0.00000000     0.00000000     0.00000000     0.00000000     0.01892375
         0.00000000     0.00000000     0.00000000     0.00000000     0.00000000
 col          6
         0.00000000
         0.00000000
         0.00000000
         0.00000000
         0.00000000
         0.00333333
unnormalized kinetic energy matrix for region = 5                               
 col          1              2              3              4              5
        51.66666667   -57.55349788     7.52912747    -2.32869551     1.01973258
       -57.55349788    91.26688265   -39.80852240     8.30852240    -3.23311735
         7.52912747   -39.80852240    60.39978402   -34.10021598     8.30852240
        -2.32869551     8.30852240   -34.10021598    60.39978402   -39.80852240
         1.01973258    -3.23311735     8.30852240   -39.80852240    91.26688265
        -0.33333333     1.01973258    -2.32869551     7.52912747   -57.55349788
 col          6
        -0.33333333
         1.01973258
        -2.32869551
         7.52912747
       -57.55349788
        51.66666667
unnormalized first derivative matrix for region = 5                             
 col          1              2              3              4              5
         0.25000000     0.33804720    -0.13453958     0.07482282    -0.04499711
        -0.33804720     0.00000000     0.47752692    -0.21815829     0.12367568
         0.13453958    -0.47752692     0.00000000     0.48632282    -0.21815829
        -0.07482282     0.21815829    -0.48632282     0.00000000     0.47752692
         0.04499711    -0.12367568     0.21815829    -0.47752692     0.00000000
        -0.01666667     0.04499711    -0.07482282     0.13453958    -0.33804720
 col          6
         0.01666667
        -0.04499711
         0.07482282
        -0.13453958
         0.33804720
        -0.25000000

 potential type = well                            
 angular momentum =   0
potential matrix elements for region = 5                                        
 col          1
        -1.00000000
        -1.00000000
        -1.00000000
        -1.00000000
        -1.00000000
        -1.00000000
final nodes                                                                     
 col          1
     0.50000000E+00
     0.51174723E+00
     0.53573842E+00
     0.56426158E+00
     0.58825277E+00
     0.60000000E+00
final weights                                                                   
 col          1
     0.33333333E-02
     0.18923748E-01
     0.27742919E-01
     0.27742919E-01
     0.18923748E-01
     0.33333333E-02
coordinate function                                                             
 col          1              2              3              4              5
     0.10000000E+01 0.00000000E+00 0.00000000E+00 0.00000000E+00 0.00000000E+00
     0.00000000E+00 0.10000000E+01 0.00000000E+00 0.00000000E+00 0.00000000E+00
     0.00000000E+00 0.00000000E+00 0.10000000E+01 0.00000000E+00 0.00000000E+00
     0.00000000E+00 0.00000000E+00 0.00000000E+00 0.10000000E+01 0.00000000E+00
     0.00000000E+00 0.00000000E+00 0.00000000E+00 0.00000000E+00 0.10000000E+01
     0.00000000E+00 0.00000000E+00 0.00000000E+00 0.00000000E+00 0.00000000E+00
 col          6
     0.00000000E+00
     0.00000000E+00
     0.00000000E+00
     0.00000000E+00
     0.00000000E+00
     0.10000000E+01
first derivative of coordinate function                                         
 col          1              2              3              4              5
    -0.15000000E+03 0.20282832E+03-0.80723745E+02 0.44893693E+02-0.26998266E+02
    -0.35727299E+02 0.20605739E-12 0.50468536E+02-0.23056563E+02 0.13070950E+02
     0.96990210E+01-0.34425139E+02 0.24691360E-12 0.35059239E+02-0.15727133E+02
    -0.53940122E+01 0.15727133E+02-0.35059239E+02 0.95923269E-13 0.34425139E+02
     0.47556236E+01-0.13070950E+02 0.23056563E+02-0.50468536E+02-0.42632564E-12
    -0.10000000E+02 0.26998266E+02-0.44893693E+02 0.80723745E+02-0.20282832E+03
 col          6
     0.10000000E+02
    -0.47556236E+01
     0.53940122E+01
    -0.96990210E+01
     0.35727299E+02
     0.15000000E+03
second derivative of coordinate function                                        
 col          1              2              3              4              5
     0.14000000E+05-0.26316397E+05 0.19699647E+05-0.12070891E+05 0.74876403E+04
     0.60826744E+04-0.96457513E+04 0.42072556E+04-0.87810538E+03 0.34169948E+03
    -0.54277832E+03 0.28698150E+04-0.43542487E+04 0.24583005E+04-0.59896527E+03
     0.16787675E+03-0.59896527E+03 0.24583005E+04-0.43542487E+04 0.28698150E+04
    -0.10777279E+03 0.34169948E+03-0.87810538E+03 0.42072556E+04-0.96457513E+04
    -0.28000000E+04 0.74876403E+04-0.12070891E+05 0.19699647E+05-0.26316397E+05
 col          6
    -0.28000000E+04
    -0.10777279E+03
     0.16787675E+03
    -0.54277832E+03
     0.60826744E+04
     0.14000000E+05
unnormalized overlap matrix for sector = 6                                      
 col          1              2              3              4              5
         0.00333333     0.00000000     0.00000000     0.00000000     0.00000000
         0.00000000     0.01892375     0.00000000     0.00000000     0.00000000
         0.00000000     0.00000000     0.02774292     0.00000000     0.00000000
         0.00000000     0.00000000     0.00000000     0.02774292     0.00000000
         0.00000000     0.00000000     0.00000000     0.00000000     0.01892375
         0.00000000     0.00000000     0.00000000     0.00000000     0.00000000
 col          6
         0.00000000
         0.00000000
         0.00000000
         0.00000000
         0.00000000
         0.00333333
unnormalized kinetic energy matrix for region = 6                               
 col          1              2              3              4              5
        51.66666667   -57.55349788     7.52912747    -2.32869551     1.01973258
       -57.55349788    91.26688265   -39.80852240     8.30852240    -3.23311735
         7.52912747   -39.80852240    60.39978402   -34.10021598     8.30852240
        -2.32869551     8.30852240   -34.10021598    60.39978402   -39.80852240
         1.01973258    -3.23311735     8.30852240   -39.80852240    91.26688265
        -0.33333333     1.01973258    -2.32869551     7.52912747   -57.55349788
 col          6
        -0.33333333
         1.01973258
        -2.32869551
         7.52912747
       -57.55349788
        51.66666667
unnormalized first derivative matrix for region = 6                             
 col          1              2              3              4              5
         0.25000000     0.33804720    -0.13453958     0.07482282    -0.04499711
        -0.33804720     0.00000000     0.47752692    -0.21815829     0.12367568
         0.13453958    -0.47752692     0.00000000     0.48632282    -0.21815829
        -0.07482282     0.21815829    -0.48632282     0.00000000     0.47752692
         0.04499711    -0.12367568     0.21815829    -0.47752692     0.00000000
        -0.01666667     0.04499711    -0.07482282     0.13453958    -0.33804720
 col          6
         0.01666667
        -0.04499711
         0.07482282
        -0.13453958
         0.33804720
        -0.25000000

 potential type = well                            
 angular momentum =   0
potential matrix elements for region = 6                                        
 col          1
        -1.00000000
        -1.00000000
        -1.00000000
        -1.00000000
        -1.00000000
        -1.00000000
final nodes                                                                     
 col          1
     0.60000000E+00
     0.61174723E+00
     0.63573842E+00
     0.66426158E+00
     0.68825277E+00
     0.70000000E+00
final weights                                                                   
 col          1
     0.33333333E-02
     0.18923748E-01
     0.27742919E-01
     0.27742919E-01
     0.18923748E-01
     0.33333333E-02
coordinate function                                                             
 col          1              2              3              4              5
     0.10000000E+01 0.00000000E+00 0.00000000E+00 0.00000000E+00 0.00000000E+00
     0.00000000E+00 0.10000000E+01 0.00000000E+00 0.00000000E+00 0.00000000E+00
     0.00000000E+00 0.00000000E+00 0.10000000E+01 0.00000000E+00 0.00000000E+00
     0.00000000E+00 0.00000000E+00 0.00000000E+00 0.10000000E+01 0.00000000E+00
     0.00000000E+00 0.00000000E+00 0.00000000E+00 0.00000000E+00 0.10000000E+01
     0.00000000E+00 0.00000000E+00 0.00000000E+00 0.00000000E+00 0.00000000E+00
 col          6
     0.00000000E+00
     0.00000000E+00
     0.00000000E+00
     0.00000000E+00
     0.00000000E+00
     0.10000000E+01
first derivative of coordinate function                                         
 col          1              2              3              4              5
    -0.15000000E+03 0.20282832E+03-0.80723745E+02 0.44893693E+02-0.26998266E+02
    -0.35727299E+02 0.20605739E-12 0.50468536E+02-0.23056563E+02 0.13070950E+02
     0.96990210E+01-0.34425139E+02 0.24691360E-12 0.35059239E+02-0.15727133E+02
    -0.53940122E+01 0.15727133E+02-0.35059239E+02 0.95923269E-13 0.34425139E+02
     0.47556236E+01-0.13070950E+02 0.23056563E+02-0.50468536E+02-0.42632564E-12
    -0.10000000E+02 0.26998266E+02-0.44893693E+02 0.80723745E+02-0.20282832E+03
 col          6
     0.10000000E+02
    -0.47556236E+01
     0.53940122E+01
    -0.96990210E+01
     0.35727299E+02
     0.15000000E+03
second derivative of coordinate function                                        
 col          1              2              3              4              5
     0.14000000E+05-0.26316397E+05 0.19699647E+05-0.12070891E+05 0.74876403E+04
     0.60826744E+04-0.96457513E+04 0.42072556E+04-0.87810538E+03 0.34169948E+03
    -0.54277832E+03 0.28698150E+04-0.43542487E+04 0.24583005E+04-0.59896527E+03
     0.16787675E+03-0.59896527E+03 0.24583005E+04-0.43542487E+04 0.28698150E+04
    -0.10777279E+03 0.34169948E+03-0.87810538E+03 0.42072556E+04-0.96457513E+04
    -0.28000000E+04 0.74876403E+04-0.12070891E+05 0.19699647E+05-0.26316397E+05
 col          6
    -0.28000000E+04
    -0.10777279E+03
     0.16787675E+03
    -0.54277832E+03
     0.60826744E+04
     0.14000000E+05
unnormalized overlap matrix for sector = 7                                      
 col          1              2              3              4              5
         0.00333333     0.00000000     0.00000000     0.00000000     0.00000000
         0.00000000     0.01892375     0.00000000     0.00000000     0.00000000
         0.00000000     0.00000000     0.02774292     0.00000000     0.00000000
         0.00000000     0.00000000     0.00000000     0.02774292     0.00000000
         0.00000000     0.00000000     0.00000000     0.00000000     0.01892375
         0.00000000     0.00000000     0.00000000     0.00000000     0.00000000
 col          6
         0.00000000
         0.00000000
         0.00000000
         0.00000000
         0.00000000
         0.00333333
unnormalized kinetic energy matrix for region = 7                               
 col          1              2              3              4              5
        51.66666667   -57.55349788     7.52912747    -2.32869551     1.01973258
       -57.55349788    91.26688265   -39.80852240     8.30852240    -3.23311735
         7.52912747   -39.80852240    60.39978402   -34.10021598     8.30852240
        -2.32869551     8.30852240   -34.10021598    60.39978402   -39.80852240
         1.01973258    -3.23311735     8.30852240   -39.80852240    91.26688265
        -0.33333333     1.01973258    -2.32869551     7.52912747   -57.55349788
 col          6
        -0.33333333
         1.01973258
        -2.32869551
         7.52912747
       -57.55349788
        51.66666667
unnormalized first derivative matrix for region = 7                             
 col          1              2              3              4              5
         0.25000000     0.33804720    -0.13453958     0.07482282    -0.04499711
        -0.33804720     0.00000000     0.47752692    -0.21815829     0.12367568
         0.13453958    -0.47752692     0.00000000     0.48632282    -0.21815829
        -0.07482282     0.21815829    -0.48632282     0.00000000     0.47752692
         0.04499711    -0.12367568     0.21815829    -0.47752692     0.00000000
        -0.01666667     0.04499711    -0.07482282     0.13453958    -0.33804720
 col          6
         0.01666667
        -0.04499711
         0.07482282
        -0.13453958
         0.33804720
        -0.25000000

 potential type = well                            
 angular momentum =   0
potential matrix elements for region = 7                                        
 col          1
        -1.00000000
        -1.00000000
        -1.00000000
        -1.00000000
        -1.00000000
        -1.00000000
final nodes                                                                     
 col          1
     0.70000000E+00
     0.71174723E+00
     0.73573842E+00
     0.76426158E+00
     0.78825277E+00
     0.80000000E+00
final weights                                                                   
 col          1
     0.33333333E-02
     0.18923748E-01
     0.27742919E-01
     0.27742919E-01
     0.18923748E-01
     0.33333333E-02
coordinate function                                                             
 col          1              2              3              4              5
     0.10000000E+01 0.00000000E+00 0.00000000E+00 0.00000000E+00 0.00000000E+00
     0.00000000E+00 0.10000000E+01 0.00000000E+00 0.00000000E+00 0.00000000E+00
     0.00000000E+00 0.00000000E+00 0.10000000E+01 0.00000000E+00 0.00000000E+00
     0.00000000E+00 0.00000000E+00 0.00000000E+00 0.10000000E+01 0.00000000E+00
     0.00000000E+00 0.00000000E+00 0.00000000E+00 0.00000000E+00 0.10000000E+01
     0.00000000E+00 0.00000000E+00 0.00000000E+00 0.00000000E+00 0.00000000E+00
 col          6
     0.00000000E+00
     0.00000000E+00
     0.00000000E+00
     0.00000000E+00
     0.00000000E+00
     0.10000000E+01
first derivative of coordinate function                                         
 col          1              2              3              4              5
    -0.15000000E+03 0.20282832E+03-0.80723745E+02 0.44893693E+02-0.26998266E+02
    -0.35727299E+02 0.20605739E-12 0.50468536E+02-0.23056563E+02 0.13070950E+02
     0.96990210E+01-0.34425139E+02 0.24691360E-12 0.35059239E+02-0.15727133E+02
    -0.53940122E+01 0.15727133E+02-0.35059239E+02 0.95923269E-13 0.34425139E+02
