 

                    Set Up FEDVR Basis and Matrices
                    Number of Variables = 1

                         data
     coordinate system          =         cartesian               
     units                      = atomic-units                    

                    axis = x                       

                    generating dvr representation in space
 
 
                    Automated Selection of Steps   

 block =   1
               polynomial order     =    5
               number of subregions =    3
               left hand boundary   =  0.00000000E+00
               right hand boundary  =  0.10000000E+01

 number of fixed points = 2
               left point fixed       = T
               right point fixed      = T
               left point dropped     = T
               right point dropped    = T

      size of the physical basis set =    14
final nodes                                                                     
 col          1
     0.27755576E-16
     0.39157446E-01
     0.11912808E+00
     0.21420525E+00
     0.29417589E+00
     0.33333333E+00
final weights                                                                   
 col          1
     0.11111111E-01
     0.63079159E-01
     0.92476396E-01
     0.92476396E-01
     0.63079159E-01
     0.11111111E-01
coordinate function                                                             
 col          1              2              3              4              5
     0.10000000E+01 0.00000000E+00 0.00000000E+00 0.00000000E+00 0.00000000E+00
     0.00000000E+00 0.10000000E+01 0.00000000E+00 0.00000000E+00 0.00000000E+00
     0.00000000E+00 0.00000000E+00 0.10000000E+01 0.00000000E+00 0.00000000E+00
     0.00000000E+00 0.00000000E+00 0.00000000E+00 0.10000000E+01 0.00000000E+00
     0.00000000E+00 0.00000000E+00 0.00000000E+00 0.00000000E+00 0.10000000E+01
     0.00000000E+00 0.00000000E+00 0.00000000E+00 0.00000000E+00 0.00000000E+00
 col          6
     0.00000000E+00
     0.00000000E+00
     0.00000000E+00
     0.00000000E+00
     0.00000000E+00
     0.10000000E+01
first derivative of coordinate function                                         
 col          1              2              3              4              5
    -0.45000000E+02 0.60848496E+02-0.24217124E+02 0.13468108E+02-0.80994799E+01
    -0.10718190E+02 0.10658141E-13 0.15140561E+02-0.69169690E+01 0.39212850E+01
     0.29097063E+01-0.10327542E+02 0.12434498E-13 0.10517772E+02-0.47181400E+01
    -0.16182037E+01 0.47181400E+01-0.10517772E+02 0.12434498E-13 0.10327542E+02
     0.14266871E+01-0.39212850E+01 0.69169690E+01-0.15140561E+02-0.10658141E-12
    -0.30000000E+01 0.80994799E+01-0.13468108E+02 0.24217124E+02-0.60848496E+02
 col          6
     0.30000000E+01
    -0.14266871E+01
     0.16182037E+01
    -0.29097063E+01
     0.10718190E+02
     0.45000000E+02
second derivative of coordinate function                                        
 col          1              2              3              4              5
     0.12600000E+04-0.23684757E+04 0.17729682E+04-0.10863802E+04 0.67388763E+03
     0.54744069E+03-0.86811762E+03 0.37865301E+03-0.79029484E+02 0.30752953E+02
    -0.48850049E+02 0.25828335E+03-0.39188238E+03 0.22124705E+03-0.53906874E+02
     0.15108907E+02-0.53906874E+02 0.22124705E+03-0.39188238E+03 0.25828335E+03
    -0.96995514E+01 0.30752953E+02-0.79029484E+02 0.37865301E+03-0.86811762E+03
    -0.25200000E+03 0.67388763E+03-0.10863802E+04 0.17729682E+04-0.23684757E+04
 col          6
    -0.25200000E+03
    -0.96995514E+01
     0.15108907E+02
    -0.48850049E+02
     0.54744069E+03
     0.12600000E+04
unnormalized overlap matrix for sector = 1                                      
 col          1              2              3              4              5
         0.01111111     0.00000000     0.00000000     0.00000000     0.00000000
         0.00000000     0.06307916     0.00000000     0.00000000     0.00000000
         0.00000000     0.00000000     0.09247640     0.00000000     0.00000000
         0.00000000     0.00000000     0.00000000     0.09247640     0.00000000
         0.00000000     0.00000000     0.00000000     0.00000000     0.06307916
         0.00000000     0.00000000     0.00000000     0.00000000     0.00000000
 col          6
         0.00000000
         0.00000000
         0.00000000
         0.00000000
         0.00000000
         0.01111111
unnormalized kinetic energy matrix for region = 1                               
 col          1              2              3              4              5
        15.50000000   -17.26604936     2.25873824    -0.69860865     0.30591977
       -17.26604936    27.38006479   -11.94255672     2.49255672    -0.96993521
         2.25873824   -11.94255672    18.11993521   -10.23006479     2.49255672
        -0.69860865     2.49255672   -10.23006479    18.11993521   -11.94255672
         0.30591977    -0.96993521     2.49255672   -11.94255672    27.38006479
        -0.10000000     0.30591977    -0.69860865     2.25873824   -17.26604936
 col          6
        -0.10000000
         0.30591977
        -0.69860865
         2.25873824
       -17.26604936
        15.50000000
unnormalized first derivative matrix for region = 1                             
 col          1              2              3              4              5
         0.25000000     0.33804720    -0.13453958     0.07482282    -0.04499711
        -0.33804720     0.00000000     0.47752692    -0.21815829     0.12367568
         0.13453958    -0.47752692     0.00000000     0.48632282    -0.21815829
        -0.07482282     0.21815829    -0.48632282     0.00000000     0.47752692
         0.04499711    -0.12367568     0.21815829    -0.47752692     0.00000000
        -0.01666667     0.04499711    -0.07482282     0.13453958    -0.33804720
 col          6
         0.01666667
        -0.04499711
         0.07482282
        -0.13453958
         0.33804720
        -0.25000000

 potential type = none                            
 angular momentum =   0
potential matrix elements for region = 1                                        
 col          1
         0.00000000
         0.00000000
         0.00000000
         0.00000000
         0.00000000
         0.00000000
final nodes                                                                     
 col          1
     0.33333333E+00
     0.37249078E+00
     0.45246141E+00
     0.54753859E+00
     0.62750922E+00
     0.66666667E+00
final weights                                                                   
 col          1
     0.11111111E-01
     0.63079159E-01
     0.92476396E-01
     0.92476396E-01
     0.63079159E-01
     0.11111111E-01
coordinate function                                                             
 col          1              2              3              4              5
     0.10000000E+01 0.00000000E+00 0.00000000E+00 0.00000000E+00 0.00000000E+00
     0.00000000E+00 0.10000000E+01 0.00000000E+00 0.00000000E+00 0.00000000E+00
     0.00000000E+00 0.00000000E+00 0.10000000E+01 0.00000000E+00 0.00000000E+00
     0.00000000E+00 0.00000000E+00 0.00000000E+00 0.10000000E+01 0.00000000E+00
     0.00000000E+00 0.00000000E+00 0.00000000E+00 0.00000000E+00 0.10000000E+01
     0.00000000E+00 0.00000000E+00 0.00000000E+00 0.00000000E+00 0.00000000E+00
 col          6
     0.00000000E+00
     0.00000000E+00
     0.00000000E+00
     0.00000000E+00
     0.00000000E+00
     0.10000000E+01
first derivative of coordinate function                                         
 col          1              2              3              4              5
    -0.45000000E+02 0.60848496E+02-0.24217124E+02 0.13468108E+02-0.80994799E+01
    -0.10718190E+02 0.15099033E-13 0.15140561E+02-0.69169690E+01 0.39212850E+01
     0.29097063E+01-0.10327542E+02 0.10658141E-13 0.10517772E+02-0.47181400E+01
    -0.16182037E+01 0.47181400E+01-0.10517772E+02 0.88817842E-14 0.10327542E+02
     0.14266871E+01-0.39212850E+01 0.69169690E+01-0.15140561E+02-0.10658141E-12
    -0.30000000E+01 0.80994799E+01-0.13468108E+02 0.24217124E+02-0.60848496E+02
 col          6
     0.30000000E+01
    -0.14266871E+01
     0.16182037E+01
    -0.29097063E+01
     0.10718190E+02
     0.45000000E+02
second derivative of coordinate function                                        
 col          1              2              3              4              5
     0.12600000E+04-0.23684757E+04 0.17729682E+04-0.10863802E+04 0.67388763E+03
     0.54744069E+03-0.86811762E+03 0.37865301E+03-0.79029484E+02 0.30752953E+02
    -0.48850049E+02 0.25828335E+03-0.39188238E+03 0.22124705E+03-0.53906874E+02
     0.15108907E+02-0.53906874E+02 0.22124705E+03-0.39188238E+03 0.25828335E+03
    -0.96995514E+01 0.30752953E+02-0.79029484E+02 0.37865301E+03-0.86811762E+03
    -0.25200000E+03 0.67388763E+03-0.10863802E+04 0.17729682E+04-0.23684757E+04
 col          6
    -0.25200000E+03
    -0.96995514E+01
     0.15108907E+02
    -0.48850049E+02
     0.54744069E+03
     0.12600000E+04
unnormalized overlap matrix for sector = 2                                      
 col          1              2              3              4              5
         0.01111111     0.00000000     0.00000000     0.00000000     0.00000000
         0.00000000     0.06307916     0.00000000     0.00000000     0.00000000
         0.00000000     0.00000000     0.09247640     0.00000000     0.00000000
         0.00000000     0.00000000     0.00000000     0.09247640     0.00000000
         0.00000000     0.00000000     0.00000000     0.00000000     0.06307916
         0.00000000     0.00000000     0.00000000     0.00000000     0.00000000
 col          6
         0.00000000
         0.00000000
         0.00000000
         0.00000000
         0.00000000
         0.01111111
unnormalized kinetic energy matrix for region = 2                               
 col          1              2              3              4              5
        15.50000000   -17.26604936     2.25873824    -0.69860865     0.30591977
       -17.26604936    27.38006479   -11.94255672     2.49255672    -0.96993521
         2.25873824   -11.94255672    18.11993521   -10.23006479     2.49255672
        -0.69860865     2.49255672   -10.23006479    18.11993521   -11.94255672
         0.30591977    -0.96993521     2.49255672   -11.94255672    27.38006479
        -0.10000000     0.30591977    -0.69860865     2.25873824   -17.26604936
 col          6
        -0.10000000
         0.30591977
        -0.69860865
         2.25873824
       -17.26604936
        15.50000000
unnormalized first derivative matrix for region = 2                             
 col          1              2              3              4              5
         0.25000000     0.33804720    -0.13453958     0.07482282    -0.04499711
        -0.33804720     0.00000000     0.47752692    -0.21815829     0.12367568
         0.13453958    -0.47752692     0.00000000     0.48632282    -0.21815829
        -0.07482282     0.21815829    -0.48632282     0.00000000     0.47752692
         0.04499711    -0.12367568     0.21815829    -0.47752692     0.00000000
        -0.01666667     0.04499711    -0.07482282     0.13453958    -0.33804720
 col          6
         0.01666667
        -0.04499711
         0.07482282
        -0.13453958
         0.33804720
        -0.25000000

 potential type = none                            
 angular momentum =   0
potential matrix elements for region = 2                                        
 col          1
         0.00000000
         0.00000000
         0.00000000
         0.00000000
         0.00000000
         0.00000000
final nodes                                                                     
 col          1
     0.66666667E+00
     0.70582411E+00
     0.78579475E+00
     0.88087192E+00
     0.96084255E+00
     0.10000000E+01
final weights                                                                   
 col          1
     0.11111111E-01
     0.63079159E-01
     0.92476396E-01
     0.92476396E-01
     0.63079159E-01
     0.11111111E-01
coordinate function                                                             
 col          1              2              3              4              5
     0.10000000E+01 0.00000000E+00 0.00000000E+00 0.00000000E+00 0.00000000E+00
     0.00000000E+00 0.10000000E+01 0.00000000E+00 0.00000000E+00 0.00000000E+00
     0.00000000E+00 0.00000000E+00 0.10000000E+01 0.00000000E+00 0.00000000E+00
     0.00000000E+00 0.00000000E+00 0.00000000E+00 0.10000000E+01 0.00000000E+00
     0.00000000E+00 0.00000000E+00 0.00000000E+00 0.00000000E+00 0.10000000E+01
     0.00000000E+00 0.00000000E+00 0.00000000E+00 0.00000000E+00 0.00000000E+00
 col          6
     0.00000000E+00
     0.00000000E+00
     0.00000000E+00
     0.00000000E+00
     0.00000000E+00
     0.10000000E+01
first derivative of coordinate function                                         
 col          1              2              3              4              5
    -0.45000000E+02 0.60848496E+02-0.24217124E+02 0.13468108E+02-0.80994799E+01
    -0.10718190E+02 0.15099033E-13 0.15140561E+02-0.69169690E+01 0.39212850E+01
     0.29097063E+01-0.10327542E+02 0.10658141E-13 0.10517772E+02-0.47181400E+01
    -0.16182037E+01 0.47181400E+01-0.10517772E+02 0.88817842E-14 0.10327542E+02
     0.14266871E+01-0.39212850E+01 0.69169690E+01-0.15140561E+02-0.10658141E-12
    -0.30000000E+01 0.80994799E+01-0.13468108E+02 0.24217124E+02-0.60848496E+02
 col          6
     0.30000000E+01
    -0.14266871E+01
     0.16182037E+01
    -0.29097063E+01
     0.10718190E+02
     0.45000000E+02
second derivative of coordinate function                                        
 col          1              2              3              4              5
     0.12600000E+04-0.23684757E+04 0.17729682E+04-0.10863802E+04 0.67388763E+03
     0.54744069E+03-0.86811762E+03 0.37865301E+03-0.79029484E+02 0.30752953E+02
    -0.48850049E+02 0.25828335E+03-0.39188238E+03 0.22124705E+03-0.53906874E+02
     0.15108907E+02-0.53906874E+02 0.22124705E+03-0.39188238E+03 0.25828335E+03
    -0.96995514E+01 0.30752953E+02-0.79029484E+02 0.37865301E+03-0.86811762E+03
    -0.25200000E+03 0.67388763E+03-0.10863802E+04 0.17729682E+04-0.23684757E+04
 col          6
    -0.25200000E+03
    -0.96995514E+01
     0.15108907E+02
    -0.48850049E+02
     0.54744069E+03
     0.12600000E+04
unnormalized overlap matrix for sector = 3                                      
 col          1              2              3              4              5
         0.01111111     0.00000000     0.00000000     0.00000000     0.00000000
         0.00000000     0.06307916     0.00000000     0.00000000     0.00000000
         0.00000000     0.00000000     0.09247640     0.00000000     0.00000000
         0.00000000     0.00000000     0.00000000     0.09247640     0.00000000
         0.00000000     0.00000000     0.00000000     0.00000000     0.06307916
         0.00000000     0.00000000     0.00000000     0.00000000     0.00000000
 col          6
         0.00000000
         0.00000000
         0.00000000
         0.00000000
         0.00000000
         0.01111111
unnormalized kinetic energy matrix for region = 3                               
 col          1              2              3              4              5
        15.50000000   -17.26604936     2.25873824    -0.69860865     0.30591977
       -17.26604936    27.38006479   -11.94255672     2.49255672    -0.96993521
         2.25873824   -11.94255672    18.11993521   -10.23006479     2.49255672
        -0.69860865     2.49255672   -10.23006479    18.11993521   -11.94255672
         0.30591977    -0.96993521     2.49255672   -11.94255672    27.38006479
        -0.10000000     0.30591977    -0.69860865     2.25873824   -17.26604936
 col          6
        -0.10000000
         0.30591977
        -0.69860865
         2.25873824
       -17.26604936
        15.50000000
unnormalized first derivative matrix for region = 3                             
 col          1              2              3              4              5
         0.25000000     0.33804720    -0.13453958     0.07482282    -0.04499711
        -0.33804720     0.00000000     0.47752692    -0.21815829     0.12367568
         0.13453958    -0.47752692     0.00000000     0.48632282    -0.21815829
        -0.07482282     0.21815829    -0.48632282     0.00000000     0.47752692
         0.04499711    -0.12367568     0.21815829    -0.47752692     0.00000000
        -0.01666667     0.04499711    -0.07482282     0.13453958    -0.33804720
 col          6
         0.01666667
        -0.04499711
         0.07482282
        -0.13453958
         0.33804720
        -0.25000000

 potential type = none                            
 angular momentum =   0
potential matrix elements for region = 3                                        
 col          1
         0.00000000
         0.00000000
         0.00000000
         0.00000000
         0.00000000
         0.00000000
global coordinates                                                              
 col          1
         0.00000000
         0.03915745
         0.11912808
         0.21420525
         0.29417589
         0.33333333
         0.37249078
         0.45246141
         0.54753859
         0.62750922
         0.66666667
         0.70582411
         0.78579475
         0.88087192
         0.96084255
         1.00000000
global weights                                                                  
 col          1
         0.01111111
         0.06307916
         0.09247640
         0.09247640
         0.06307916
         0.02222222
         0.06307916
         0.09247640
         0.09247640
         0.06307916
         0.02222222
         0.06307916
         0.09247640
         0.09247640
         0.06307916
         0.01111111
global norm                                                                     
 col          1
         9.48683298
         3.98159472
         3.28839933
         3.28839933
         3.98159472
         6.70820393
         3.98159472
         3.28839933
         3.28839933
         3.98159472
         6.70820393
         3.98159472
         3.28839933
         3.28839933
         3.98159472
         9.48683298
global basis                                                                    
 col          1              2              3              4              5
         9.48683298     0.00000000     0.00000000     0.00000000     0.00000000
         0.00000000     3.98159472     0.00000000     0.00000000     0.00000000
         0.00000000     0.00000000     3.28839933     0.00000000     0.00000000
         0.00000000     0.00000000     0.00000000     3.28839933     0.00000000
         0.00000000     0.00000000     0.00000000     0.00000000     3.98159472
         0.00000000     0.00000000     0.00000000     0.00000000     0.00000000
         0.00000000     0.00000000     0.00000000     0.00000000     0.00000000
         0.00000000     0.00000000     0.00000000     0.00000000     0.00000000
         0.00000000     0.00000000     0.00000000     0.00000000     0.00000000
         0.00000000     0.00000000     0.00000000     0.00000000     0.00000000
         0.00000000     0.00000000     0.00000000     0.00000000     0.00000000
         0.00000000     0.00000000     0.00000000     0.00000000     0.00000000
         0.00000000     0.00000000     0.00000000     0.00000000     0.00000000
         0.00000000     0.00000000     0.00000000     0.00000000     0.00000000
         0.00000000     0.00000000     0.00000000     0.00000000     0.00000000
         0.00000000     0.00000000     0.00000000     0.00000000     0.00000000
 col          6              7              8              9             10
         0.00000000     0.00000000     0.00000000     0.00000000     0.00000000
         0.00000000     0.00000000     0.00000000     0.00000000     0.00000000
         0.00000000     0.00000000     0.00000000     0.00000000     0.00000000
         0.00000000     0.00000000     0.00000000     0.00000000     0.00000000
         0.00000000     0.00000000     0.00000000     0.00000000     0.00000000
         6.70820393     0.00000000     0.00000000     0.00000000     0.00000000
         0.00000000     3.98159472     0.00000000     0.00000000     0.00000000
         0.00000000     0.00000000     3.28839933     0.00000000     0.00000000
         0.00000000     0.00000000     0.00000000     3.28839933     0.00000000
         0.00000000     0.00000000     0.00000000     0.00000000     3.98159472
         0.00000000     0.00000000     0.00000000     0.00000000     0.00000000
         0.00000000     0.00000000     0.00000000     0.00000000     0.00000000
         0.00000000     0.00000000     0.00000000     0.00000000     0.00000000
         0.00000000     0.00000000     0.00000000     0.00000000     0.00000000
         0.00000000     0.00000000     0.00000000     0.00000000     0.00000000
         0.00000000     0.00000000     0.00000000     0.00000000     0.00000000
 col         11             12             13             14             15
         0.00000000     0.00000000     0.00000000     0.00000000     0.00000000
         0.00000000     0.00000000     0.00000000     0.00000000     0.00000000
         0.00000000     0.00000000     0.00000000     0.00000000     0.00000000
         0.00000000     0.00000000     0.00000000     0.00000000     0.00000000
         0.00000000     0.00000000     0.00000000     0.00000000     0.00000000
         0.00000000     0.00000000     0.00000000     0.00000000     0.00000000
         0.00000000     0.00000000     0.00000000     0.00000000     0.00000000
         0.00000000     0.00000000     0.00000000     0.00000000     0.00000000
         0.00000000     0.00000000     0.00000000     0.00000000     0.00000000
         0.00000000     0.00000000     0.00000000     0.00000000     0.00000000
         6.70820393     0.00000000     0.00000000     0.00000000     0.00000000
         0.00000000     3.98159472     0.00000000     0.00000000     0.00000000
         0.00000000     0.00000000     3.28839933     0.00000000     0.00000000
         0.00000000     0.00000000     0.00000000     3.28839933     0.00000000
         0.00000000     0.00000000     0.00000000     0.00000000     3.98159472
         0.00000000     0.00000000     0.00000000     0.00000000     0.00000000
 col         16
         0.00000000
         0.00000000
         0.00000000
         0.00000000
         0.00000000
         0.00000000
         0.00000000
         0.00000000
         0.00000000
         0.00000000
         0.00000000
         0.00000000
         0.00000000
         0.00000000
         0.00000000
         9.48683298
1 derivative of global basis                                                    
 col          1              2              3              4              5
      -426.90748412   242.27404866   -79.63557319    44.28851701   -32.24884632
      -101.68167544     0.00000000    49.78820961   -22.74575609    15.61296782
        27.60389757   -41.12008554     0.00000000    34.58663378   -18.78572143
       -15.35162790    18.78572143   -34.58663378     0.00000000    41.12008554
        13.53474193   -15.61296782    22.74575609   -49.78820961     0.00000000
       -28.46049894    32.24884632   -44.28851701    79.63557319  -242.27404866
         0.00000000     0.00000000     0.00000000     0.00000000     0.00000000
         0.00000000     0.00000000     0.00000000     0.00000000     0.00000000
         0.00000000     0.00000000     0.00000000     0.00000000     0.00000000
         0.00000000     0.00000000     0.00000000     0.00000000     0.00000000
         0.00000000     0.00000000     0.00000000     0.00000000     0.00000000
         0.00000000     0.00000000     0.00000000     0.00000000     0.00000000
         0.00000000     0.00000000     0.00000000     0.00000000     0.00000000
         0.00000000     0.00000000     0.00000000     0.00000000     0.00000000
         0.00000000     0.00000000     0.00000000     0.00000000     0.00000000
         0.00000000     0.00000000     0.00000000     0.00000000     0.00000000
 col          6              7              8              9             10
         0.00000000     0.00000000     0.00000000     0.00000000     0.00000000
         0.00000000     0.00000000     0.00000000     0.00000000     0.00000000
         0.00000000     0.00000000     0.00000000     0.00000000     0.00000000
         0.00000000     0.00000000     0.00000000     0.00000000     0.00000000
         0.00000000     0.00000000     0.00000000     0.00000000     0.00000000
         0.00000000     0.00000000     0.00000000     0.00000000     0.00000000
         0.00000000     0.00000000    49.78820961   -22.74575609    15.61296782
         0.00000000   -41.12008554     0.00000000    34.58663378   -18.78572143
         0.00000000    18.78572143   -34.58663378     0.00000000    41.12008554
         0.00000000   -15.61296782    22.74575609   -49.78820961     0.00000000
         0.00000000    32.24884632   -44.28851701    79.63557319  -242.27404866
         0.00000000     0.00000000     0.00000000     0.00000000     0.00000000
         0.00000000     0.00000000     0.00000000     0.00000000     0.00000000
         0.00000000     0.00000000     0.00000000     0.00000000     0.00000000
         0.00000000     0.00000000     0.00000000     0.00000000     0.00000000
         0.00000000     0.00000000     0.00000000     0.00000000     0.00000000
 col         11             12             13             14             15
         0.00000000     0.00000000     0.00000000     0.00000000     0.00000000
         0.00000000     0.00000000     0.00000000     0.00000000     0.00000000
         0.00000000     0.00000000     0.00000000     0.00000000     0.00000000
         0.00000000     0.00000000     0.00000000     0.00000000     0.00000000
         0.00000000     0.00000000     0.00000000     0.00000000     0.00000000
         0.00000000     0.00000000     0.00000000     0.00000000     0.00000000
         0.00000000     0.00000000     0.00000000     0.00000000     0.00000000
         0.00000000     0.00000000     0.00000000     0.00000000     0.00000000
         0.00000000     0.00000000     0.00000000     0.00000000     0.00000000
         0.00000000     0.00000000     0.00000000     0.00000000     0.00000000
         0.00000000     0.00000000     0.00000000     0.00000000     0.00000000
         0.00000000     0.00000000    49.78820961   -22.74575609    15.61296782
         0.00000000   -41.12008554     0.00000000    34.58663378   -18.78572143
         0.00000000    18.78572143   -34.58663378     0.00000000    41.12008554
         0.00000000   -15.61296782    22.74575609   -49.78820961     0.00000000
         0.00000000    32.24884632   -44.28851701    79.63557319  -242.27404866
 col         16
         0.00000000
         0.00000000
         0.00000000
         0.00000000
         0.00000000
         0.00000000
         0.00000000
         0.00000000
         0.00000000
         0.00000000
         0.00000000
       -13.53474193
        15.35162790
       -27.60389757
       101.68167544
       426.90748412
2 derivative of global basis                                                    
 col          1              2              3              4              5
     11953.40955544 -9430.31041432  5830.22758737 -3572.45176954  2683.14742856
      5193.47842105 -3456.49252114  1245.16229915  -259.88050370   122.44579439
      -463.43225598  1028.37962344 -1288.66576399   727.54864266  -214.63532482
       143.33568109  -214.63532482   727.54864266 -1288.66576399  1028.37962344
       -92.01802399   122.44579439  -259.88050370  1245.16229915 -3456.49252114
     -2390.68191109  2683.14742856 -3572.45176954  5830.22758737 -9430.31041432
         0.00000000     0.00000000     0.00000000     0.00000000     0.00000000
         0.00000000     0.00000000     0.00000000     0.00000000     0.00000000
         0.00000000     0.00000000     0.00000000     0.00000000     0.00000000
         0.00000000     0.00000000     0.00000000     0.00000000     0.00000000
         0.00000000     0.00000000     0.00000000     0.00000000     0.00000000
         0.00000000     0.00000000     0.00000000     0.00000000     0.00000000
         0.00000000     0.00000000     0.00000000     0.00000000     0.00000000
         0.00000000     0.00000000     0.00000000     0.00000000     0.00000000
         0.00000000     0.00000000     0.00000000     0.00000000     0.00000000
         0.00000000     0.00000000     0.00000000     0.00000000     0.00000000
 col          6              7              8              9             10
         0.00000000     0.00000000     0.00000000     0.00000000     0.00000000
         0.00000000     0.00000000     0.00000000     0.00000000     0.00000000
         0.00000000     0.00000000     0.00000000     0.00000000     0.00000000
         0.00000000     0.00000000     0.00000000     0.00000000     0.00000000
         0.00000000     0.00000000     0.00000000     0.00000000     0.00000000
         0.00000000     0.00000000     0.00000000     0.00000000     0.00000000
         0.00000000 -3456.49252114  1245.16229915  -259.88050370   122.44579439
         0.00000000  1028.37962344 -1288.66576399   727.54864266  -214.63532482
         0.00000000  -214.63532482   727.54864266 -1288.66576399  1028.37962344
         0.00000000   122.44579439  -259.88050370  1245.16229915 -3456.49252114
         0.00000000  2683.14742856 -3572.45176954  5830.22758737 -9430.31041432
         0.00000000     0.00000000     0.00000000     0.00000000     0.00000000
         0.00000000     0.00000000     0.00000000     0.00000000     0.00000000
         0.00000000     0.00000000     0.00000000     0.00000000     0.00000000
         0.00000000     0.00000000     0.00000000     0.00000000     0.00000000
         0.00000000     0.00000000     0.00000000     0.00000000     0.00000000
 col         11             12             13             14             15
         0.00000000     0.00000000     0.00000000     0.00000000     0.00000000
         0.00000000     0.00000000     0.00000000     0.00000000     0.00000000
         0.00000000     0.00000000     0.00000000     0.00000000     0.00000000
         0.00000000     0.00000000     0.00000000     0.00000000     0.00000000
         0.00000000     0.00000000     0.00000000     0.00000000     0.00000000
         0.00000000     0.00000000     0.00000000     0.00000000     0.00000000
         0.00000000     0.00000000     0.00000000     0.00000000     0.00000000
         0.00000000     0.00000000     0.00000000     0.00000000     0.00000000
         0.00000000     0.00000000     0.00000000     0.00000000     0.00000000
         0.00000000     0.00000000     0.00000000     0.00000000     0.00000000
         0.00000000     0.00000000     0.00000000     0.00000000     0.00000000
         0.00000000 -3456.49252114  1245.16229915  -259.88050370   122.44579439
         0.00000000  1028.37962344 -1288.66576399   727.54864266  -214.63532482
         0.00000000  -214.63532482   727.54864266 -1288.66576399  1028.37962344
         0.00000000   122.44579439  -259.88050370  1245.16229915 -3456.49252114
         0.00000000  2683.14742856 -3572.45176954  5830.22758737 -9430.31041432
 col         16
         0.00000000
         0.00000000
         0.00000000
         0.00000000
         0.00000000
         0.00000000
         0.00000000
         0.00000000
         0.00000000
         0.00000000
         0.00000000
       -92.01802399
       143.33568109
      -463.43225598
      5193.47842105
     11953.40955544
global potential                                                                
 col          1
         0.00000000
         0.00000000
         0.00000000
         0.00000000
         0.00000000
         0.00000000
         0.00000000
         0.00000000
         0.00000000
         0.00000000
         0.00000000
         0.00000000
         0.00000000
         0.00000000
         0.00000000
         0.00000000
matrix elements in region i                                                     
 col          1              2              3              4              5
      1395.00000000  -652.18571839    70.46471686   -21.79414155    11.55542321
      -652.18571839   434.05880900  -156.36477188    32.63522812   -15.37647640
        70.46471686  -156.36477188   195.94119100  -110.62352360    32.63522812
       -21.79414155    32.63522812  -110.62352360   195.94119100  -156.36477188
        11.55542321   -15.37647640    32.63522812  -156.36477188   434.05880900
        -6.36396103     8.17091811   -15.41078528    49.82607912  -461.16494406
 col          6
        -6.36396103
         8.17091811
       -15.41078528
        49.82607912
      -461.16494406
      1395.00000000
matrix elements between region (i-1) and region i                               
 col          1
      -461.16494406
        49.82607912
       -15.41078528
         8.17091811
        -4.50000000
matrix elements in region i                                                     
 col          1              2              3              4              5
       434.05880900  -156.36477188    32.63522812   -15.37647640     8.17091811
      -156.36477188   195.94119100  -110.62352360    32.63522812   -15.41078528
        32.63522812  -110.62352360   195.94119100  -156.36477188    49.82607912
       -15.37647640    32.63522812  -156.36477188   434.05880900  -461.16494406
         8.17091811   -15.41078528    49.82607912  -461.16494406  1395.00000000
matrix elements between region (i-1) and region i                               
 col          1
      -461.16494406
        49.82607912
       -15.41078528
         8.17091811
        -6.36396103
matrix elements in region i                                                     
 col          1              2              3              4              5
       434.05880900  -156.36477188    32.63522812   -15.37647640    11.55542321
      -156.36477188   195.94119100  -110.62352360    32.63522812   -21.79414155
        32.63522812  -110.62352360   195.94119100  -156.36477188    70.46471686
       -15.37647640    32.63522812  -156.36477188   434.05880900  -652.18571839
        11.55542321   -21.79414155    70.46471686  -652.18571839  1395.00000000
full kinetic energy                                                             
 col          1              2              3              4              5
      1395.00000000  -652.18571839    70.46471686   -21.79414155    11.55542321
      -652.18571839   434.05880900  -156.36477188    32.63522812   -15.37647640
        70.46471686  -156.36477188   195.94119100  -110.62352360    32.63522812
       -21.79414155    32.63522812  -110.62352360   195.94119100  -156.36477188
        11.55542321   -15.37647640    32.63522812  -156.36477188   434.05880900
        -6.36396103     8.17091811   -15.41078528    49.82607912  -461.16494406
         0.00000000     0.00000000     0.00000000     0.00000000     0.00000000
         0.00000000     0.00000000     0.00000000     0.00000000     0.00000000
         0.00000000     0.00000000     0.00000000     0.00000000     0.00000000
         0.00000000     0.00000000     0.00000000     0.00000000     0.00000000
         0.00000000     0.00000000     0.00000000     0.00000000     0.00000000
         0.00000000     0.00000000     0.00000000     0.00000000     0.00000000
         0.00000000     0.00000000     0.00000000     0.00000000     0.00000000
         0.00000000     0.00000000     0.00000000     0.00000000     0.00000000
         0.00000000     0.00000000     0.00000000     0.00000000     0.00000000
         0.00000000     0.00000000     0.00000000     0.00000000     0.00000000
 col          6              7              8              9             10
        -6.36396103     0.00000000     0.00000000     0.00000000     0.00000000
         8.17091811     0.00000000     0.00000000     0.00000000     0.00000000
       -15.41078528     0.00000000     0.00000000     0.00000000     0.00000000
        49.82607912     0.00000000     0.00000000     0.00000000     0.00000000
      -461.16494406     0.00000000     0.00000000     0.00000000     0.00000000
      1395.00000000  -461.16494406    49.82607912   -15.41078528     8.17091811
      -461.16494406   434.05880900  -156.36477188    32.63522812   -15.37647640
        49.82607912  -156.36477188   195.94119100  -110.62352360    32.63522812
       -15.41078528    32.63522812  -110.62352360   195.94119100  -156.36477188
         8.17091811   -15.37647640    32.63522812  -156.36477188   434.05880900
        -4.50000000     8.17091811   -15.41078528    49.82607912  -461.16494406
         0.00000000     0.00000000     0.00000000     0.00000000     0.00000000
         0.00000000     0.00000000     0.00000000     0.00000000     0.00000000
         0.00000000     0.00000000     0.00000000     0.00000000     0.00000000
         0.00000000     0.00000000     0.00000000     0.00000000     0.00000000
         0.00000000     0.00000000     0.00000000     0.00000000     0.00000000
 col         11             12             13             14             15
         0.00000000     0.00000000     0.00000000     0.00000000     0.00000000
         0.00000000     0.00000000     0.00000000     0.00000000     0.00000000
         0.00000000     0.00000000     0.00000000     0.00000000     0.00000000
         0.00000000     0.00000000     0.00000000     0.00000000     0.00000000
         0.00000000     0.00000000     0.00000000     0.00000000     0.00000000
        -4.50000000     0.00000000     0.00000000     0.00000000     0.00000000
         8.17091811     0.00000000     0.00000000     0.00000000     0.00000000
       -15.41078528     0.00000000     0.00000000     0.00000000     0.00000000
        49.82607912     0.00000000     0.00000000     0.00000000     0.00000000
      -461.16494406     0.00000000     0.00000000     0.00000000     0.00000000
      1395.00000000  -461.16494406    49.82607912   -15.41078528     8.17091811
      -461.16494406   434.05880900  -156.36477188    32.63522812   -15.37647640
        49.82607912  -156.36477188   195.94119100  -110.62352360    32.63522812
       -15.41078528    32.63522812  -110.62352360   195.94119100  -156.36477188
         8.17091811   -15.37647640    32.63522812  -156.36477188   434.05880900
        -6.36396103    11.55542321   -21.79414155    70.46471686  -652.18571839
 col         16
         0.00000000
         0.00000000
         0.00000000
         0.00000000
         0.00000000
         0.00000000
         0.00000000
         0.00000000
         0.00000000
         0.00000000
        -6.36396103
        11.55542321
       -21.79414155
        70.46471686
      -652.18571839
      1395.00000000
full hamiltonian                                                                
 col          1              2              3              4              5
      1395.00000000  -652.18571839    70.46471686   -21.79414155    11.55542321
      -652.18571839   434.05880900  -156.36477188    32.63522812   -15.37647640
        70.46471686  -156.36477188   195.94119100  -110.62352360    32.63522812
       -21.79414155    32.63522812  -110.62352360   195.94119100  -156.36477188
        11.55542321   -15.37647640    32.63522812  -156.36477188   434.05880900
        -6.36396103     8.17091811   -15.41078528    49.82607912  -461.16494406
         0.00000000     0.00000000     0.00000000     0.00000000     0.00000000
         0.00000000     0.00000000     0.00000000     0.00000000     0.00000000
         0.00000000     0.00000000     0.00000000     0.00000000     0.00000000
         0.00000000     0.00000000     0.00000000     0.00000000     0.00000000
         0.00000000     0.00000000     0.00000000     0.00000000     0.00000000
         0.00000000     0.00000000     0.00000000     0.00000000     0.00000000
